0	0.87531881	-0.57833737
1000	0.001030159	-29.870957
2000	0.00023718922	-36.249051
3000	0.00010377236	-39.839183
4000	5.805024e-05	-42.36196
5000	3.7057682e-05	-44.311218
6000	2.5699403e-05	-45.90077
7000	1.8866046e-05	-47.243191
8000	1.4437102e-05	-48.4052
9000	1.1403437e-05	-49.429642
10000	9.2348735e-06	-50.34569
11000	7.6311331e-06	-51.17411
12000	6.4117846e-06	-51.930211
13000	5.4631005e-06	-52.625608
14000	4.7105079e-06	-53.269323
15000	4.1034573e-06	-53.868501
16000	3.6066992e-06	-54.428901
17000	3.1950447e-06	-54.955231
18000	2.8501068e-06	-55.451389
19000	2.5582091e-06	-55.92064
20000	2.3090084e-06	-56.365745
21000	2.0945653e-06	-56.789061
22000	1.9087038e-06	-57.192615
23000	1.7465611e-06	-57.578162
24000	1.6042662e-06	-57.947236
25000	1.4787071e-06	-58.301178
26000	1.3673584e-06	-58.641177
27000	1.2681537e-06	-58.968281
28000	1.1793893e-06	-59.283428
29000	1.0996499e-06	-59.587456
30000	1.0277521e-06	-59.881116
31000	9.6270047e-07	-60.165088
32000	9.0365258e-07	-60.439985
33000	8.4989171e-07	-60.706364
34000	8.0080501e-07	-60.964732
35000	7.5586591e-07	-61.215552
36000	7.1461996e-07	-61.459249
37000	6.7667329e-07	-61.69621
38000	6.4168317e-07	-61.926793
39000	6.0935026e-07	-62.15133
40000	5.7941216e-07	-62.370124
41000	5.5163806e-07	-62.583458
42000	5.2582434e-07	-62.791593
43000	5.0179074e-07	-62.994774
44000	4.7937728e-07	-63.193226
45000	4.5844154e-07	-63.38716
46000	4.3885643e-07	-63.576775
47000	4.2050822e-07	-63.762255
48000	4.032949e-07	-63.943773
49000	3.8712478e-07	-64.12149
50000	3.7191524e-07	-64.29556
51000	3.5759168e-07	-64.466126
52000	3.440866e-07	-64.633322
53000	3.3133882e-07	-64.797277
54000	3.1929275e-07	-64.958109
55000	3.0789782e-07	-65.115934
56000	2.9710795e-07	-65.270857
57000	2.8688105e-07	-65.422981
58000	2.7717862e-07	-65.572403
59000	2.6796541e-07	-65.719213
60000	2.5920907e-07	-65.863498
61000	2.5087991e-07	-66.005341
62000	2.4295057e-07	-66.144821
63000	2.3539587e-07	-66.282012
64000	2.2819259e-07	-66.416985
65000	2.2131927e-07	-66.549808
66000	2.1475605e-07	-66.680546
67000	2.0848457e-07	-66.809261
68000	2.0248779e-07	-66.936012
69000	1.967499e-07	-67.060855
70000	1.9125622e-07	-67.183844
71000	1.8599308e-07	-67.305032
72000	1.8094776e-07	-67.424468
73000	1.7610842e-07	-67.542199
74000	1.7146399e-07	-67.658271
75000	1.6700415e-07	-67.772727
76000	1.6271925e-07	-67.885611
77000	1.5860026e-07	-67.996961
78000	1.5463873e-07	-68.106817
79000	1.5082673e-07	-68.215217
80000	1.4715684e-07	-68.322196
81000	1.4362208e-07	-68.427788
82000	1.402159e-07	-68.532027
83000	1.3693215e-07	-68.634946
84000	1.3376502e-07	-68.736574
85000	1.3070907e-07	-68.836943
86000	1.2775915e-07	-68.93608
87000	1.2491042e-07	-69.034013
88000	1.221583e-07	-69.13077
89000	1.1949848e-07	-69.226376
90000	1.1692688e-07	-69.320857
91000	1.1443963e-07	-69.414235
92000	1.1203311e-07	-69.506536
93000	1.0970384e-07	-69.597782
94000	1.0744857e-07	-69.687994
95000	1.0526419e-07	-69.777194
96000	1.0314776e-07	-69.865402
97000	1.0109651e-07	-69.952638
98000	9.9107779e-08	-70.038923
99000	9.7179057e-08	-70.124273
100000	9.5307958e-08	-70.208708
101000	9.3492211e-08	-70.292246
102000	9.1729656e-08	-70.374902
103000	9.0018238e-08	-70.456695
104000	8.8356001e-08	-70.53764
105000	8.674108e-08	-70.617752
106000	8.5171699e-08	-70.697047
107000	8.3646163e-08	-70.77554
108000	8.2162858e-08	-70.853245
109000	8.072024e-08	-70.930176
110000	7.9316838e-08	-71.006346
111000	7.7951245e-08	-71.081769
112000	7.6622118e-08	-71.156458
113000	7.5328171e-08	-71.230426
114000	7.4068176e-08	-71.303683
115000	7.2840959e-08	-71.376243
116000	7.1645393e-08	-71.448117
117000	7.0480403e-08	-71.519316
118000	6.9344956e-08	-71.589851
119000	6.8238064e-08	-71.659733
120000	6.715878e-08	-71.728972
121000	6.6106196e-08	-71.797578
122000	6.5079439e-08	-71.865562
123000	6.4077674e-08	-71.932933
124000	6.3100099e-08	-71.9997
125000	6.2145942e-08	-72.065872
126000	6.1214465e-08	-72.131459
127000	6.0304955e-08	-72.19647
128000	5.941673e-08	-72.260913
129000	5.8549133e-08	-72.324795
130000	5.7701531e-08	-72.388127
131000	5.6873317e-08	-72.450914
132000	5.6063907e-08	-72.513166
133000	5.5272737e-08	-72.57489
134000	5.4499265e-08	-72.636094
135000	5.3742969e-08	-72.696783
136000	5.3003347e-08	-72.756967
137000	5.2279913e-08	-72.816651
138000	5.1572201e-08	-72.875843
139000	5.0879761e-08	-72.934549
140000	5.0202157e-08	-72.992776
141000	4.9538972e-08	-73.05053
142000	4.88898e-08	-73.107817
143000	4.8254252e-08	-73.164644
144000	4.7631951e-08	-73.221016
145000	4.7022533e-08	-73.27694
146000	4.6425646e-08	-73.33242
147000	4.5840953e-08	-73.387464
148000	4.5268123e-08	-73.442075
149000	4.4706841e-08	-73.49626
150000	4.41568e-08	-73.550024
151000	4.3617704e-08	-73.603372
152000	4.3089265e-08	-73.656309
153000	4.2571207e-08	-73.70884
154000	4.2063262e-08	-73.760971
155000	4.1565169e-08	-73.812705
156000	4.1076677e-08	-73.864047
157000	4.0597543e-08	-73.915002
158000	4.0127531e-08	-73.965576
159000	3.9666413e-08	-74.015771
160000	3.9213968e-08	-74.065592
161000	3.876998e-08	-74.115044
162000	3.8334243e-08	-74.164131
163000	3.7906554e-08	-74.212857
164000	3.748672e-08	-74.261226
165000	3.7074549e-08	-74.309241
166000	3.6669859e-08	-74.356908
167000	3.6272471e-08	-74.404229
168000	3.5882213e-08	-74.451208
169000	3.5498916e-08	-74.497849
170000	3.5122417e-08	-74.544156
171000	3.4752559e-08	-74.590132
172000	3.4389188e-08	-74.635781
173000	3.4032155e-08	-74.681106
174000	3.3681314e-08	-74.72611
175000	3.3336526e-08	-74.770797
176000	3.2997652e-08	-74.81517
177000	3.2664562e-08	-74.859232
178000	3.2337124e-08	-74.902986
179000	3.2015215e-08	-74.946436
180000	3.169871e-08	-74.989584
181000	3.1387493e-08	-75.032434
182000	3.1081447e-08	-75.074988
183000	3.0780461e-08	-75.117249
184000	3.0484424e-08	-75.15922
185000	3.019323e-08	-75.200904
186000	2.9906777e-08	-75.242304
187000	2.9624963e-08	-75.283422
188000	2.934769e-08	-75.324261
189000	2.9074862e-08	-75.364823
190000	2.8806388e-08	-75.405112
191000	2.8542176e-08	-75.445129
192000	2.8282138e-08	-75.484878
193000	2.8026189e-08	-75.52436
194000	2.7774244e-08	-75.563578
195000	2.7526222e-08	-75.602534
196000	2.7282043e-08	-75.641231
197000	2.7041631e-08	-75.679671
198000	2.6804909e-08	-75.717857
199000	2.6571805e-08	-75.75579
200000	2.6342245e-08	-75.793472
201000	2.6116161e-08	-75.830907
202000	2.5893484e-08	-75.868095
203000	2.5674148e-08	-75.90504
204000	2.5458087e-08	-75.941742
205000	2.5245238e-08	-75.978205
206000	2.503554e-08	-76.01443
207000	2.4828932e-08	-76.05042
208000	2.4625354e-08	-76.086175
209000	2.4424751e-08	-76.121699
210000	2.4227065e-08	-76.156992
211000	2.4032242e-08	-76.192057
212000	2.3840228e-08	-76.226896
213000	2.3650971e-08	-76.26151
214000	2.3464421e-08	-76.295902
215000	2.3280526e-08	-76.330072
216000	2.3099239e-08	-76.364023
217000	2.2920513e-08	-76.397757
218000	2.2744299e-08	-76.431274
219000	2.2570554e-08	-76.464578
220000	2.2399232e-08	-76.497669
221000	2.2230291e-08	-76.530548
222000	2.2063688e-08	-76.563219
223000	2.1899382e-08	-76.595681
224000	2.1737331e-08	-76.627938
225000	2.1577497e-08	-76.659989
226000	2.1419841e-08	-76.691838
227000	2.1264324e-08	-76.723484
228000	2.111091e-08	-76.75493
229000	2.0959563e-08	-76.786178
230000	2.0810247e-08	-76.817228
231000	2.0662927e-08	-76.848082
232000	2.0517569e-08	-76.878741
233000	2.0374141e-08	-76.909207
234000	2.0232609e-08	-76.939481
235000	2.0092943e-08	-76.969565
236000	1.995511e-08	-76.999459
237000	1.981908e-08	-77.029165
238000	1.9684824e-08	-77.058685
239000	1.9552312e-08	-77.088019
240000	1.9421515e-08	-77.117169
241000	1.9292406e-08	-77.146136
242000	1.9164958e-08	-77.174921
243000	1.9039143e-08	-77.203526
244000	1.8914934e-08	-77.231952
245000	1.8792307e-08	-77.260199
246000	1.8671236e-08	-77.288269
247000	1.8551697e-08	-77.316164
248000	1.8433664e-08	-77.343883
249000	1.8317115e-08	-77.371429
250000	1.8202025e-08	-77.398803
251000	1.8088373e-08	-77.426005
252000	1.7976136e-08	-77.453037
253000	1.7865292e-08	-77.479899
254000	1.7755819e-08	-77.506593
255000	1.7647697e-08	-77.53312
256000	1.7540904e-08	-77.55948
257000	1.7435421e-08	-77.585676
258000	1.7331228e-08	-77.611707
259000	1.7228305e-08	-77.637575
260000	1.7126633e-08	-77.66328
261000	1.7026193e-08	-77.688824
262000	1.6926968e-08	-77.714208
263000	1.6828939e-08	-77.739433
264000	1.6732088e-08	-77.764499
265000	1.6636398e-08	-77.789407
266000	1.6541853e-08	-77.814158
267000	1.6448435e-08	-77.838754
268000	1.6356128e-08	-77.863195
269000	1.6264916e-08	-77.887482
270000	1.6174783e-08	-77.911615
271000	1.6085714e-08	-77.935597
272000	1.5997693e-08	-77.959426
273000	1.5910707e-08	-77.983105
274000	1.5824739e-08	-78.006634
275000	1.5739776e-08	-78.030014
276000	1.5655804e-08	-78.053246
277000	1.5572808e-08	-78.076331
278000	1.5490776e-08	-78.099268
279000	1.5409694e-08	-78.12206
280000	1.5329548e-08	-78.144707
281000	1.5250326e-08	-78.167209
282000	1.5172016e-08	-78.189567
283000	1.5094604e-08	-78.211783
284000	1.5018079e-08	-78.233856
285000	1.4942428e-08	-78.255788
286000	1.4867641e-08	-78.277579
287000	1.4793705e-08	-78.299231
288000	1.4720608e-08	-78.320742
289000	1.4648341e-08	-78.342116
290000	1.4576892e-08	-78.363351
291000	1.4506249e-08	-78.384449
292000	1.4436404e-08	-78.40541
293000	1.4367344e-08	-78.426235
294000	1.429906e-08	-78.446925
295000	1.4231543e-08	-78.46748
296000	1.4164781e-08	-78.487901
297000	1.4098765e-08	-78.508189
298000	1.4033487e-08	-78.528344
299000	1.3968936e-08	-78.548367
300000	1.3905103e-08	-78.568258
301000	1.3841979e-08	-78.588018
302000	1.3779555e-08	-78.607648
303000	1.3717823e-08	-78.627148
304000	1.3656774e-08	-78.646519
305000	1.3596399e-08	-78.665761
306000	1.353669e-08	-78.684875
307000	1.3477639e-08	-78.703862
308000	1.3419238e-08	-78.722721
309000	1.3361479e-08	-78.741455
310000	1.3304355e-08	-78.760062
311000	1.3247856e-08	-78.778544
312000	1.3191977e-08	-78.796901
313000	1.3136709e-08	-78.815134
314000	1.3082046e-08	-78.833243
315000	1.3027979e-08	-78.851229
316000	1.2974503e-08	-78.869093
317000	1.292161e-08	-78.886834
318000	1.2869293e-08	-78.904453
319000	1.2817545e-08	-78.921951
320000	1.2766361e-08	-78.939329
321000	1.2715733e-08	-78.956586
322000	1.2665655e-08	-78.973723
323000	1.2616121e-08	-78.990741
324000	1.2567125e-08	-79.007641
325000	1.251866e-08	-79.024422
326000	1.247072e-08	-79.041085
327000	1.2423301e-08	-79.05763
328000	1.2376395e-08	-79.074059
329000	1.2329997e-08	-79.09037
330000	1.2284101e-08	-79.106566
331000	1.2238702e-08	-79.122646
332000	1.2193795e-08	-79.138611
333000	1.2149374e-08	-79.154461
334000	1.2105434e-08	-79.170196
335000	1.2061969e-08	-79.185818
336000	1.2018975e-08	-79.201326
337000	1.1976447e-08	-79.21672
338000	1.1934378e-08	-79.232002
339000	1.1892766e-08	-79.247171
340000	1.1851604e-08	-79.262229
341000	1.1810888e-08	-79.277174
342000	1.1770614e-08	-79.292009
343000	1.1730776e-08	-79.306732
344000	1.1691371e-08	-79.321346
345000	1.1652394e-08	-79.335849
346000	1.161384e-08	-79.350242
347000	1.1575705e-08	-79.364526
348000	1.1537985e-08	-79.3787
349000	1.1500676e-08	-79.392766
350000	1.1463773e-08	-79.406724
351000	1.1427273e-08	-79.420574
352000	1.1391172e-08	-79.434316
353000	1.1355465e-08	-79.447951
354000	1.1320148e-08	-79.461479
355000	1.1285219e-08	-79.4749
356000	1.1250673e-08	-79.488215
357000	1.1216506e-08	-79.501424
358000	1.1182715e-08	-79.514527
359000	1.1149297e-08	-79.527525
360000	1.1116247e-08	-79.540418
361000	1.1083562e-08	-79.553206
362000	1.1051239e-08	-79.56589
363000	1.1019274e-08	-79.57847
364000	1.0987665e-08	-79.590946
365000	1.0956407e-08	-79.603318
366000	1.0925498e-08	-79.615588
367000	1.0894934e-08	-79.627754
368000	1.0864712e-08	-79.639818
369000	1.083483e-08	-79.651779
370000	1.0805283e-08	-79.663638
371000	1.077607e-08	-79.675396
372000	1.0747187e-08	-79.687052
373000	1.0718631e-08	-79.698607
374000	1.0690399e-08	-79.710061
375000	1.066249e-08	-79.721414
376000	1.0634898e-08	-79.732667
377000	1.0607623e-08	-79.743819
378000	1.0580662e-08	-79.754872
379000	1.0554011e-08	-79.765825
380000	1.0527668e-08	-79.776678
381000	1.0501631e-08	-79.787433
382000	1.0475897e-08	-79.798088
383000	1.0450463e-08	-79.808645
384000	1.0425327e-08	-79.819103
385000	1.0400487e-08	-79.829463
386000	1.037594e-08	-79.839725
387000	1.0351684e-08	-79.84989
388000	1.0327717e-08	-79.859957
389000	1.0304036e-08	-79.869926
390000	1.0280639e-08	-79.879799
391000	1.0257524e-08	-79.889575
392000	1.0234688e-08	-79.899254
393000	1.021213e-08	-79.908837
394000	1.0189848e-08	-79.918323
395000	1.0167839e-08	-79.927714
396000	1.0146101e-08	-79.937008
397000	1.0124632e-08	-79.946208
398000	1.0103431e-08	-79.955311
399000	1.0082495e-08	-79.96432
400000	1.0061822e-08	-79.973234
401000	1.0041411e-08	-79.982053
402000	1.0021259e-08	-79.990777
403000	1.0001366e-08	-79.999407
404000	9.9817282e-09	-80.007943
405000	9.9623448e-09	-80.016384
406000	9.9432139e-09	-80.024732
407000	9.9243338e-09	-80.032986
408000	9.9057027e-09	-80.041147
409000	9.8873191e-09	-80.049215
410000	9.8691812e-09	-80.057189
411000	9.8512874e-09	-80.06507
412000	9.8336362e-09	-80.072859
413000	9.816226e-09	-80.080555
414000	9.7990552e-09	-80.088158
415000	9.7821224e-09	-80.095669
416000	9.765426e-09	-80.103088
417000	9.7489646e-09	-80.110415
418000	9.7327367e-09	-80.11765
419000	9.716741e-09	-80.124794
420000	9.700976e-09	-80.131846
421000	9.6854403e-09	-80.138806
422000	9.6701327e-09	-80.145676
423000	9.6550518e-09	-80.152454
424000	9.6401963e-09	-80.159141
425000	9.6255648e-09	-80.165738
426000	9.6111563e-09	-80.172244
427000	9.5969693e-09	-80.178659
428000	9.5830028e-09	-80.184984
429000	9.5692554e-09	-80.191219
430000	9.5557262e-09	-80.197363
431000	9.5424138e-09	-80.203418
432000	9.5293172e-09	-80.209382
433000	9.5164352e-09	-80.215257
434000	9.5037669e-09	-80.221042
435000	9.491311e-09	-80.226738
436000	9.4790666e-09	-80.232344
437000	9.4670326e-09	-80.237861
438000	9.455208e-09	-80.243289
439000	9.4435919e-09	-80.248628
440000	9.4321832e-09	-80.253878
441000	9.4209811e-09	-80.259039
442000	9.4099845e-09	-80.264111
443000	9.3991926e-09	-80.269095
444000	9.3886045e-09	-80.27399
445000	9.3782192e-09	-80.278796
446000	9.368036e-09	-80.283514
447000	9.358054e-09	-80.288145
448000	9.3482724e-09	-80.292686
449000	9.3386903e-09	-80.29714
450000	9.329307e-09	-80.301506
451000	9.3201217e-09	-80.305784
452000	9.3111337e-09	-80.309974
453000	9.3023422e-09	-80.314077
454000	9.2937466e-09	-80.318092
455000	9.285346e-09	-80.322019
456000	9.2771398e-09	-80.325859
457000	9.2691275e-09	-80.329611
458000	9.2613082e-09	-80.333277
459000	9.2536814e-09	-80.336855
460000	9.2462464e-09	-80.340345
461000	9.2390027e-09	-80.343749
462000	9.2319497e-09	-80.347066
463000	9.2250868e-09	-80.350295
464000	9.2184134e-09	-80.353438
465000	9.211929e-09	-80.356494
466000	9.2056331e-09	-80.359463
467000	9.1995252e-09	-80.362346
468000	9.1936048e-09	-80.365142
469000	9.1878714e-09	-80.367851
470000	9.1823245e-09	-80.370474
471000	9.1769638e-09	-80.37301
472000	9.1717888e-09	-80.37546
473000	9.166799e-09	-80.377823
474000	9.1619941e-09	-80.3801
475000	9.1573736e-09	-80.382291
476000	9.1529373e-09	-80.384395
477000	9.1486848e-09	-80.386413
478000	9.1446157e-09	-80.388345
479000	9.1407297e-09	-80.390191
480000	9.1370265e-09	-80.391951
481000	9.1335058e-09	-80.393625
482000	9.1301673e-09	-80.395213
483000	9.1270107e-09	-80.396714
484000	9.1240359e-09	-80.39813
485000	9.1212426e-09	-80.39946
486000	9.1186305e-09	-80.400704
487000	9.1161994e-09	-80.401862
488000	9.1139492e-09	-80.402934
489000	9.1118796e-09	-80.40392
490000	9.1099906e-09	-80.404821
491000	9.1082819e-09	-80.405635
492000	9.1067535e-09	-80.406364
493000	9.1054051e-09	-80.407007
494000	9.1042368e-09	-80.407565
495000	9.1032483e-09	-80.408036
496000	9.1024397e-09	-80.408422
497000	9.1018108e-09	-80.408722
498000	9.1013616e-09	-80.408936
499000	9.1010922e-09	-80.409065
500000	9.1010023e-09	-80.409108
501000	9.1010922e-09	-80.409065
502000	9.1013616e-09	-80.408936
503000	9.1018108e-09	-80.408722
504000	9.1024397e-09	-80.408422
505000	9.1032483e-09	-80.408036
506000	9.1042368e-09	-80.407565
507000	9.1054051e-09	-80.407007
508000	9.1067535e-09	-80.406364
509000	9.1082819e-09	-80.405635
510000	9.1099906e-09	-80.404821
511000	9.1118796e-09	-80.40392
512000	9.1139492e-09	-80.402934
513000	9.1161994e-09	-80.401862
514000	9.1186305e-09	-80.400704
515000	9.1212426e-09	-80.39946
516000	9.1240359e-09	-80.39813
517000	9.1270107e-09	-80.396714
518000	9.1301673e-09	-80.395213
519000	9.1335058e-09	-80.393625
520000	9.1370265e-09	-80.391951
521000	9.1407297e-09	-80.390191
522000	9.1446157e-09	-80.388345
523000	9.1486848e-09	-80.386413
524000	9.1529373e-09	-80.384395
525000	9.1573736e-09	-80.382291
526000	9.1619941e-09	-80.3801
527000	9.166799e-09	-80.377823
528000	9.1717888e-09	-80.37546
529000	9.1769638e-09	-80.37301
530000	9.1823245e-09	-80.370474
531000	9.1878714e-09	-80.367851
532000	9.1936048e-09	-80.365142
533000	9.1995252e-09	-80.362346
534000	9.2056331e-09	-80.359463
535000	9.211929e-09	-80.356494
536000	9.2184134e-09	-80.353438
537000	9.2250868e-09	-80.350295
538000	9.2319497e-09	-80.347066
539000	9.2390027e-09	-80.343749
540000	9.2462464e-09	-80.340345
541000	9.2536814e-09	-80.336855
542000	9.2613082e-09	-80.333277
543000	9.2691275e-09	-80.329611
544000	9.2771398e-09	-80.325859
545000	9.285346e-09	-80.322019
546000	9.2937466e-09	-80.318092
547000	9.3023422e-09	-80.314077
548000	9.3111337e-09	-80.309974
549000	9.3201217e-09	-80.305784
550000	9.329307e-09	-80.301506
551000	9.3386903e-09	-80.29714
552000	9.3482724e-09	-80.292686
553000	9.358054e-09	-80.288145
554000	9.368036e-09	-80.283514
555000	9.3782192e-09	-80.278796
556000	9.3886045e-09	-80.27399
557000	9.3991926e-09	-80.269095
558000	9.4099845e-09	-80.264111
559000	9.4209811e-09	-80.259039
560000	9.4321832e-09	-80.253878
561000	9.4435919e-09	-80.248628
562000	9.455208e-09	-80.243289
563000	9.4670326e-09	-80.237861
564000	9.4790666e-09	-80.232344
565000	9.491311e-09	-80.226738
566000	9.5037669e-09	-80.221042
567000	9.5164352e-09	-80.215257
568000	9.5293172e-09	-80.209382
569000	9.5424138e-09	-80.203418
570000	9.5557262e-09	-80.197363
571000	9.5692554e-09	-80.191219
572000	9.5830028e-09	-80.184984
573000	9.5969693e-09	-80.178659
574000	9.6111563e-09	-80.172244
575000	9.6255648e-09	-80.165738
576000	9.6401963e-09	-80.159141
577000	9.6550518e-09	-80.152454
578000	9.6701327e-09	-80.145676
579000	9.6854403e-09	-80.138806
580000	9.700976e-09	-80.131846
581000	9.716741e-09	-80.124794
582000	9.7327367e-09	-80.11765
583000	9.7489646e-09	-80.110415
584000	9.765426e-09	-80.103088
585000	9.7821224e-09	-80.095669
586000	9.7990552e-09	-80.088158
587000	9.816226e-09	-80.080555
588000	9.8336362e-09	-80.072859
589000	9.8512874e-09	-80.06507
590000	9.8691812e-09	-80.057189
591000	9.8873191e-09	-80.049215
592000	9.9057027e-09	-80.041147
593000	9.9243338e-09	-80.032986
594000	9.9432139e-09	-80.024732
595000	9.9623448e-09	-80.016384
596000	9.9817282e-09	-80.007943
597000	1.0001366e-08	-79.999407
598000	1.0021259e-08	-79.990777
599000	1.0041411e-08	-79.982053
600000	1.0061822e-08	-79.973234
601000	1.0082495e-08	-79.96432
602000	1.0103431e-08	-79.955311
603000	1.0124632e-08	-79.946208
604000	1.0146101e-08	-79.937008
605000	1.0167839e-08	-79.927714
606000	1.0189848e-08	-79.918323
607000	1.021213e-08	-79.908837
608000	1.0234688e-08	-79.899254
609000	1.0257524e-08	-79.889575
610000	1.0280639e-08	-79.879799
611000	1.0304036e-08	-79.869926
612000	1.0327717e-08	-79.859957
613000	1.0351684e-08	-79.84989
614000	1.037594e-08	-79.839725
615000	1.0400487e-08	-79.829463
616000	1.0425327e-08	-79.819103
617000	1.0450463e-08	-79.808645
618000	1.0475897e-08	-79.798088
619000	1.0501631e-08	-79.787433
620000	1.0527668e-08	-79.776678
621000	1.0554011e-08	-79.765825
622000	1.0580662e-08	-79.754872
623000	1.0607623e-08	-79.743819
624000	1.0634898e-08	-79.732667
625000	1.066249e-08	-79.721414
626000	1.0690399e-08	-79.710061
627000	1.0718631e-08	-79.698607
628000	1.0747187e-08	-79.687052
629000	1.077607e-08	-79.675396
630000	1.0805283e-08	-79.663638
631000	1.083483e-08	-79.651779
632000	1.0864712e-08	-79.639818
633000	1.0894934e-08	-79.627754
634000	1.0925498e-08	-79.615588
635000	1.0956407e-08	-79.603318
636000	1.0987665e-08	-79.590946
637000	1.1019274e-08	-79.57847
638000	1.1051239e-08	-79.56589
639000	1.1083562e-08	-79.553206
640000	1.1116247e-08	-79.540418
641000	1.1149297e-08	-79.527525
642000	1.1182715e-08	-79.514527
643000	1.1216506e-08	-79.501424
644000	1.1250673e-08	-79.488215
645000	1.1285219e-08	-79.4749
646000	1.1320148e-08	-79.461479
647000	1.1355465e-08	-79.447951
648000	1.1391172e-08	-79.434316
649000	1.1427273e-08	-79.420574
650000	1.1463773e-08	-79.406724
651000	1.1500676e-08	-79.392766
652000	1.1537985e-08	-79.3787
653000	1.1575705e-08	-79.364526
654000	1.161384e-08	-79.350242
655000	1.1652394e-08	-79.335849
656000	1.1691371e-08	-79.321346
657000	1.1730776e-08	-79.306732
658000	1.1770614e-08	-79.292009
659000	1.1810888e-08	-79.277174
660000	1.1851604e-08	-79.262229
661000	1.1892766e-08	-79.247171
662000	1.1934378e-08	-79.232002
663000	1.1976447e-08	-79.21672
664000	1.2018975e-08	-79.201326
665000	1.2061969e-08	-79.185818
666000	1.2105434e-08	-79.170196
667000	1.2149374e-08	-79.154461
668000	1.2193795e-08	-79.138611
669000	1.2238702e-08	-79.122646
670000	1.2284101e-08	-79.106566
671000	1.2329997e-08	-79.09037
672000	1.2376395e-08	-79.074059
673000	1.2423301e-08	-79.05763
674000	1.247072e-08	-79.041085
675000	1.251866e-08	-79.024422
676000	1.2567125e-08	-79.007641
677000	1.2616121e-08	-78.990741
678000	1.2665655e-08	-78.973723
679000	1.2715733e-08	-78.956586
680000	1.2766361e-08	-78.939329
681000	1.2817545e-08	-78.921951
682000	1.2869293e-08	-78.904453
683000	1.292161e-08	-78.886834
684000	1.2974503e-08	-78.869093
685000	1.3027979e-08	-78.851229
686000	1.3082046e-08	-78.833243
687000	1.3136709e-08	-78.815134
688000	1.3191977e-08	-78.796901
689000	1.3247856e-08	-78.778544
690000	1.3304355e-08	-78.760062
691000	1.3361479e-08	-78.741455
692000	1.3419238e-08	-78.722721
693000	1.3477639e-08	-78.703862
694000	1.353669e-08	-78.684875
695000	1.3596399e-08	-78.665761
696000	1.3656774e-08	-78.646519
697000	1.3717823e-08	-78.627148
698000	1.3779555e-08	-78.607648
699000	1.3841979e-08	-78.588018
700000	1.3905103e-08	-78.568258
701000	1.3968936e-08	-78.548367
702000	1.4033487e-08	-78.528344
703000	1.4098765e-08	-78.508189
704000	1.4164781e-08	-78.487901
705000	1.4231543e-08	-78.46748
706000	1.429906e-08	-78.446925
707000	1.4367344e-08	-78.426235
708000	1.4436404e-08	-78.40541
709000	1.4506249e-08	-78.384449
710000	1.4576892e-08	-78.363351
711000	1.4648341e-08	-78.342116
712000	1.4720608e-08	-78.320742
713000	1.4793705e-08	-78.299231
714000	1.4867641e-08	-78.277579
715000	1.4942428e-08	-78.255788
716000	1.5018079e-08	-78.233856
717000	1.5094604e-08	-78.211783
718000	1.5172016e-08	-78.189567
719000	1.5250326e-08	-78.167209
720000	1.5329548e-08	-78.144707
721000	1.5409694e-08	-78.12206
722000	1.5490776e-08	-78.099268
723000	1.5572808e-08	-78.076331
724000	1.5655804e-08	-78.053246
725000	1.5739776e-08	-78.030014
726000	1.5824739e-08	-78.006634
727000	1.5910707e-08	-77.983105
728000	1.5997693e-08	-77.959426
729000	1.6085714e-08	-77.935597
730000	1.6174783e-08	-77.911615
731000	1.6264916e-08	-77.887482
732000	1.6356128e-08	-77.863195
733000	1.6448435e-08	-77.838754
734000	1.6541853e-08	-77.814158
735000	1.6636398e-08	-77.789407
736000	1.6732088e-08	-77.764499
737000	1.6828939e-08	-77.739433
738000	1.6926968e-08	-77.714208
739000	1.7026193e-08	-77.688824
740000	1.7126633e-08	-77.66328
741000	1.7228305e-08	-77.637575
742000	1.7331228e-08	-77.611707
743000	1.7435421e-08	-77.585676
744000	1.7540904e-08	-77.55948
745000	1.7647697e-08	-77.53312
746000	1.7755819e-08	-77.506593
747000	1.7865292e-08	-77.479899
748000	1.7976136e-08	-77.453037
749000	1.8088373e-08	-77.426005
750000	1.8202025e-08	-77.398803
751000	1.8317115e-08	-77.371429
752000	1.8433664e-08	-77.343883
753000	1.8551697e-08	-77.316164
754000	1.8671236e-08	-77.288269
755000	1.8792307e-08	-77.260199
756000	1.8914934e-08	-77.231952
757000	1.9039143e-08	-77.203526
758000	1.9164958e-08	-77.174921
759000	1.9292406e-08	-77.146136
760000	1.9421515e-08	-77.117169
761000	1.9552312e-08	-77.088019
762000	1.9684824e-08	-77.058685
763000	1.981908e-08	-77.029165
764000	1.995511e-08	-76.999459
765000	2.0092943e-08	-76.969565
766000	2.0232609e-08	-76.939481
767000	2.0374141e-08	-76.909207
768000	2.0517569e-08	-76.878741
769000	2.0662927e-08	-76.848082
770000	2.0810247e-08	-76.817228
771000	2.0959563e-08	-76.786178
772000	2.111091e-08	-76.75493
773000	2.1264324e-08	-76.723484
774000	2.1419841e-08	-76.691838
775000	2.1577497e-08	-76.659989
776000	2.1737331e-08	-76.627938
777000	2.1899382e-08	-76.595681
778000	2.2063688e-08	-76.563219
779000	2.2230291e-08	-76.530548
780000	2.2399232e-08	-76.497669
781000	2.2570554e-08	-76.464578
782000	2.2744299e-08	-76.431274
783000	2.2920513e-08	-76.397757
784000	2.3099239e-08	-76.364023
785000	2.3280526e-08	-76.330072
786000	2.3464421e-08	-76.295902
787000	2.3650971e-08	-76.26151
788000	2.3840228e-08	-76.226896
789000	2.4032242e-08	-76.192057
790000	2.4227065e-08	-76.156992
791000	2.4424751e-08	-76.121699
792000	2.4625354e-08	-76.086175
793000	2.4828932e-08	-76.05042
794000	2.503554e-08	-76.01443
795000	2.5245238e-08	-75.978205
796000	2.5458087e-08	-75.941742
797000	2.5674148e-08	-75.90504
798000	2.5893484e-08	-75.868095
799000	2.6116161e-08	-75.830907
800000	2.6342245e-08	-75.793472
801000	2.6571805e-08	-75.75579
802000	2.6804909e-08	-75.717857
803000	2.7041631e-08	-75.679671
804000	2.7282043e-08	-75.641231
805000	2.7526222e-08	-75.602534
806000	2.7774244e-08	-75.563578
807000	2.8026189e-08	-75.52436
808000	2.8282138e-08	-75.484878
809000	2.8542176e-08	-75.445129
810000	2.8806388e-08	-75.405112
811000	2.9074862e-08	-75.364823
812000	2.934769e-08	-75.324261
813000	2.9624963e-08	-75.283422
814000	2.9906777e-08	-75.242304
815000	3.019323e-08	-75.200904
816000	3.0484424e-08	-75.15922
817000	3.0780461e-08	-75.117249
818000	3.1081447e-08	-75.074988
819000	3.1387493e-08	-75.032434
820000	3.169871e-08	-74.989584
821000	3.2015215e-08	-74.946436
822000	3.2337124e-08	-74.902986
823000	3.2664562e-08	-74.859232
824000	3.2997652e-08	-74.81517
825000	3.3336526e-08	-74.770797
826000	3.3681314e-08	-74.72611
827000	3.4032155e-08	-74.681106
828000	3.4389188e-08	-74.635781
829000	3.4752559e-08	-74.590132
830000	3.5122417e-08	-74.544156
831000	3.5498916e-08	-74.497849
832000	3.5882213e-08	-74.451208
833000	3.6272471e-08	-74.404229
834000	3.6669859e-08	-74.356908
835000	3.7074549e-08	-74.309241
836000	3.748672e-08	-74.261226
837000	3.7906554e-08	-74.212857
838000	3.8334243e-08	-74.164131
839000	3.876998e-08	-74.115044
840000	3.9213968e-08	-74.065592
841000	3.9666413e-08	-74.015771
842000	4.0127531e-08	-73.965576
843000	4.0597543e-08	-73.915002
844000	4.1076677e-08	-73.864047
845000	4.1565169e-08	-73.812705
846000	4.2063262e-08	-73.760971
847000	4.2571207e-08	-73.70884
848000	4.3089265e-08	-73.656309
849000	4.3617704e-08	-73.603372
850000	4.41568e-08	-73.550024
851000	4.4706841e-08	-73.49626
852000	4.5268123e-08	-73.442075
853000	4.5840953e-08	-73.387464
854000	4.6425646e-08	-73.33242
855000	4.7022533e-08	-73.27694
856000	4.7631951e-08	-73.221016
857000	4.8254252e-08	-73.164644
858000	4.88898e-08	-73.107817
859000	4.9538972e-08	-73.05053
860000	5.0202157e-08	-72.992776
861000	5.0879761e-08	-72.934549
862000	5.1572201e-08	-72.875843
863000	5.2279913e-08	-72.816651
864000	5.3003347e-08	-72.756967
865000	5.3742969e-08	-72.696783
866000	5.4499265e-08	-72.636094
867000	5.5272737e-08	-72.57489
868000	5.6063907e-08	-72.513166
869000	5.6873317e-08	-72.450914
870000	5.7701531e-08	-72.388127
871000	5.8549133e-08	-72.324795
872000	5.941673e-08	-72.260913
873000	6.0304955e-08	-72.19647
874000	6.1214465e-08	-72.131459
875000	6.2145942e-08	-72.065872
876000	6.3100099e-08	-71.9997
877000	6.4077674e-08	-71.932933
878000	6.5079439e-08	-71.865562
879000	6.6106196e-08	-71.797578
880000	6.715878e-08	-71.728972
881000	6.8238064e-08	-71.659733
882000	6.9344956e-08	-71.589851
883000	7.0480403e-08	-71.519316
884000	7.1645393e-08	-71.448117
885000	7.2840959e-08	-71.376243
886000	7.4068176e-08	-71.303683
887000	7.5328171e-08	-71.230426
888000	7.6622118e-08	-71.156458
889000	7.7951245e-08	-71.081769
890000	7.9316838e-08	-71.006346
891000	8.072024e-08	-70.930176
892000	8.2162858e-08	-70.853245
893000	8.3646163e-08	-70.77554
894000	8.5171699e-08	-70.697047
895000	8.674108e-08	-70.617752
896000	8.8356001e-08	-70.53764
897000	9.0018238e-08	-70.456695
898000	9.1729656e-08	-70.374902
899000	9.3492211e-08	-70.292246
900000	9.5307958e-08	-70.208708
901000	9.7179057e-08	-70.124273
902000	9.9107779e-08	-70.038923
903000	1.0109651e-07	-69.952638
904000	1.0314776e-07	-69.865402
905000	1.0526419e-07	-69.777194
906000	1.0744857e-07	-69.687994
907000	1.0970384e-07	-69.597782
908000	1.1203311e-07	-69.506536
909000	1.1443963e-07	-69.414235
910000	1.1692688e-07	-69.320857
911000	1.1949848e-07	-69.226376
912000	1.221583e-07	-69.13077
913000	1.2491042e-07	-69.034013
914000	1.2775915e-07	-68.93608
915000	1.3070907e-07	-68.836943
916000	1.3376502e-07	-68.736574
917000	1.3693215e-07	-68.634946
918000	1.402159e-07	-68.532027
919000	1.4362208e-07	-68.427788
920000	1.4715684e-07	-68.322196
921000	1.5082673e-07	-68.215217
922000	1.5463873e-07	-68.106817
923000	1.5860026e-07	-67.996961
924000	1.6271925e-07	-67.885611
925000	1.6700415e-07	-67.772727
926000	1.7146399e-07	-67.658271
927000	1.7610842e-07	-67.542199
928000	1.8094776e-07	-67.424468
929000	1.8599308e-07	-67.305032
930000	1.9125622e-07	-67.183844
931000	1.967499e-07	-67.060855
932000	2.0248779e-07	-66.936012
933000	2.0848457e-07	-66.809261
934000	2.1475605e-07	-66.680546
935000	2.2131927e-07	-66.549808
936000	2.2819259e-07	-66.416985
937000	2.3539587e-07	-66.282012
938000	2.4295057e-07	-66.144821
939000	2.5087991e-07	-66.005341
940000	2.5920907e-07	-65.863498
941000	2.6796541e-07	-65.719213
942000	2.7717862e-07	-65.572403
943000	2.8688105e-07	-65.422981
944000	2.9710795e-07	-65.270857
945000	3.0789782e-07	-65.115934
946000	3.1929275e-07	-64.958109
947000	3.3133882e-07	-64.797277
948000	3.440866e-07	-64.633322
949000	3.5759168e-07	-64.466126
950000	3.7191524e-07	-64.29556
951000	3.8712478e-07	-64.12149
952000	4.032949e-07	-63.943773
953000	4.2050822e-07	-63.762255
954000	4.3885643e-07	-63.576775
955000	4.5844154e-07	-63.38716
956000	4.7937728e-07	-63.193226
957000	5.0179074e-07	-62.994774
958000	5.2582434e-07	-62.791593
959000	5.5163806e-07	-62.583458
960000	5.7941216e-07	-62.370124
961000	6.0935026e-07	-62.15133
962000	6.4168317e-07	-61.926793
963000	6.7667329e-07	-61.69621
964000	7.1461996e-07	-61.459249
965000	7.5586591e-07	-61.215552
966000	8.0080501e-07	-60.964732
967000	8.4989171e-07	-60.706364
968000	9.0365258e-07	-60.439985
969000	9.6270047e-07	-60.165088
970000	1.0277521e-06	-59.881116
971000	1.0996499e-06	-59.587456
972000	1.1793893e-06	-59.283428
973000	1.2681537e-06	-58.968281
974000	1.3673584e-06	-58.641177
975000	1.4787071e-06	-58.301178
976000	1.6042662e-06	-57.947236
977000	1.7465611e-06	-57.578162
978000	1.9087038e-06	-57.192615
979000	2.0945653e-06	-56.789061
980000	2.3090084e-06	-56.365745
981000	2.5582091e-06	-55.92064
982000	2.8501068e-06	-55.451389
983000	3.1950447e-06	-54.955231
984000	3.6066992e-06	-54.428901
985000	4.1034573e-06	-53.868501
986000	4.7105079e-06	-53.269323
987000	5.4631005e-06	-52.625608
988000	6.4117846e-06	-51.930211
989000	7.6311331e-06	-51.17411
990000	9.2348735e-06	-50.34569
991000	1.1403437e-05	-49.429642
992000	1.4437102e-05	-48.4052
993000	1.8866046e-05	-47.243191
994000	2.5699403e-05	-45.90077
995000	3.7057682e-05	-44.311218
996000	5.805024e-05	-42.36196
997000	0.00010377236	-39.839183
998000	0.00023718922	-36.249051
999000	0.001030159	-29.870957
