0	1.9270626e-06	-57.151042
500	1.9381337e-06	-57.126163
1000	1.9713919e-06	-57.05227
1500	2.0269719e-06	-56.931523
2000	2.1050996e-06	-56.767274
2500	2.2060935e-06	-56.563761
3000	2.3303674e-06	-56.325756
3500	2.4784335e-06	-56.058227
4000	2.6509066e-06	-55.766056
4500	2.8485086e-06	-55.453825
5000	3.0720748e-06	-55.125682
5500	3.3225604e-06	-54.785271
6000	3.6010483e-06	-54.43571
6500	3.9087585e-06	-54.079612
7000	4.2470583e-06	-53.719118
7500	4.6174741e-06	-53.355955
8000	5.0217055e-06	-52.991488
8500	5.4616399e-06	-52.626769
9000	5.939371e-06	-52.262595
9500	6.4572179e-06	-51.899546
10000	7.0177484e-06	-51.538022
10500	7.6238043e-06	-51.178283
11000	8.2785311e-06	-50.820467
11500	8.9854114e-06	-50.46462
12000	9.7483029e-06	-50.11071
12500	1.0571482e-05	-49.758641
13000	1.1459695e-05	-49.40827
13500	1.2418212e-05	-49.059409
14000	1.3452899e-05	-48.711841
14500	1.4570287e-05	-48.365319
15000	1.5777665e-05	-48.019573
15500	1.708318e-05	-47.674313
16000	1.8495957e-05	-47.329232
16500	2.0026234e-05	-46.984007
17000	2.168553e-05	-46.6383
17500	2.3486826e-05	-46.291757
18000	2.5444799e-05	-45.94401
18500	2.7576077e-05	-45.594675
19000	2.989956e-05	-45.243352
19500	3.2436792e-05	-44.889621
20000	3.521241e-05	-44.533043
20500	3.825468e-05	-44.173154
21000	4.1596156e-05	-43.809468
21500	4.5274466e-05	-43.441467
22000	4.9333284e-05	-43.0686
22500	5.3823518e-05	-42.690279
23000	5.8804782e-05	-42.305874
23500	6.4347226e-05	-41.914702
24000	7.0533832e-05	-41.516025
24500	7.7463307e-05	-41.10904
25000	8.5253776e-05	-40.692864
25500	9.4047513e-05	-40.266527
26000	0.00010401707	-39.828954
26500	0.00011537329	-39.378947
27000	0.00012837593	-38.915164
27500	0.00014334785	-38.436088
28000	0.00016069419	-37.939998
28500	0.00018092884	-37.424922
29000	0.00020471121	-36.888584
29500	0.00023289841	-36.328335
30000	0.00026662071	-35.741061
30500	0.00030739269	-35.123065
31000	0.00035728105	-34.4699
31500	0.00041916456	-33.776154
32000	0.00049714914	-33.035133
32500	0.00059725365	-32.238412
33000	0.00072858986	-31.375169
33500	0.00090549187	-30.431154
34000	0.0011515862	-29.387035
34500	0.0015081422	-28.215577
35000	0.0020528111	-26.87651
35500	0.0029469374	-25.306291
36000	0.0045761995	-23.39495
36500	0.0080850386	-20.923179
37000	0.018489362	-17.330781
37500	0.098053258	-10.08538
38000	0.079189545	-11.013322
38500	0.021363122	-16.703353
39000	0.19377059	-7.1271213
39500	0.02398196	-16.201153
40000	0.0099386378	-20.026731
40500	0.0055813956	-22.532572
41000	0.0036186197	-24.414571
41500	0.0025545374	-25.926877
42000	0.0019087689	-27.192467
42500	0.0014856422	-28.280858
43000	0.0011924902	-29.235452
43500	0.0009805557	-30.085277
44000	0.00082209825	-30.850763
44500	0.00070034898	-31.546855
45000	0.00060466742	-32.184834
45500	0.00052802793	-32.773431
46000	0.00046563492	-33.319545
46500	0.0004141213	-33.828724
47000	0.00037106483	-34.305502
47500	0.0003346858	-34.753627
48000	0.00030365209	-35.176237
48500	0.00027695008	-35.575985
49000	0.00025379712	-35.955133
49500	0.00023358089	-36.315627
50000	0.00021581657	-36.659152
50500	0.0002001162	-36.987178
51000	0.00018616617	-37.300992
51500	0.00017371077	-37.601733
52000	0.00016253969	-37.890406
52500	0.00015247869	-38.167909
53000	0.00014338235	-38.435043
53500	0.00013512853	-38.692529
54000	0.00012761402	-38.941016
54500	0.00012075108	-39.18109
55000	0.00011446475	-39.413282
55500	0.00010869065	-39.638078
56000	0.00010337324	-39.855919
56500	9.8464395e-05	-40.067208
57000	9.3922232e-05	-40.272316
57500	8.9710163e-05	-40.471584
58000	8.5796104e-05	-40.665324
58500	8.2151824e-05	-40.853828
59000	7.87524e-05	-41.037362
59500	7.5575757e-05	-41.216175
60000	7.2602284e-05	-41.390497
60500	6.981451e-05	-41.560543
61000	6.7196828e-05	-41.726512
61500	6.473526e-05	-41.888591
62000	6.2417252e-05	-42.046954
62500	6.0231508e-05	-42.201763
63000	5.8167836e-05	-42.353171
63500	5.6217021e-05	-42.501322
64000	5.4370716e-05	-42.646349
64500	5.2621343e-05	-42.788381
65000	5.0962009e-05	-42.927535
65500	4.9386431e-05	-43.063924
66000	4.7888876e-05	-43.197654
66500	4.64641e-05	-43.328825
67000	4.5107299e-05	-43.457532
67500	4.3814067e-05	-43.583864
68000	4.2580353e-05	-43.707907
68500	4.1402432e-05	-43.829741
69000	4.0276869e-05	-43.949443
69500	3.9200494e-05	-44.067085
70000	3.8170379e-05	-44.182735
70500	3.7183813e-05	-44.296461
71000	3.6238285e-05	-44.408324
71500	3.5331467e-05	-44.518383
72000	3.4461194e-05	-44.626697
72500	3.3625455e-05	-44.733318
73000	3.2822378e-05	-44.8383
73500	3.2050219e-05	-44.94169
74000	3.130735e-05	-45.043537
74500	3.0592252e-05	-45.143886
75000	2.9903503e-05	-45.242779
75500	2.9239776e-05	-45.34026
76000	2.8599825e-05	-45.436366
76500	2.7982484e-05	-45.531137
77000	2.7386659e-05	-45.624609
77500	2.6811323e-05	-45.716818
78000	2.6255508e-05	-45.807796
78500	2.5718308e-05	-45.897576
79000	2.5198867e-05	-45.98619
79500	2.469638e-05	-46.073667
80000	2.4210088e-05	-46.160036
80500	2.3739274e-05	-46.245326
81000	2.3283262e-05	-46.329562
81500	2.2841413e-05	-46.41277
82000	2.2413123e-05	-46.494976
82500	2.1997821e-05	-46.576203
83000	2.1594966e-05	-46.656475
83500	2.1204044e-05	-46.735813
84000	2.0824571e-05	-46.814239
84500	2.0456085e-05	-46.891775
85000	2.009815e-05	-46.968439
85500	1.975035e-05	-47.044252
86000	1.9412289e-05	-47.119232
86500	1.9083595e-05	-47.193398
87000	1.8763908e-05	-47.266767
87500	1.8452891e-05	-47.339356
88000	1.8150219e-05	-47.411181
88500	1.7855585e-05	-47.482259
89000	1.7568694e-05	-47.552605
89500	1.7289268e-05	-47.622234
90000	1.7017038e-05	-47.69116
90500	1.6751749e-05	-47.759398
91000	1.6493159e-05	-47.826961
91500	1.6241034e-05	-47.893863
92000	1.5995152e-05	-47.960116
92500	1.57553e-05	-48.025733
93000	1.5521275e-05	-48.090726
93500	1.5292881e-05	-48.155107
94000	1.5069932e-05	-48.218887
94500	1.485225e-05	-48.282077
95000	1.4639663e-05	-48.344689
95500	1.4432007e-05	-48.406733
96000	1.4229125e-05	-48.468218
96500	1.4030865e-05	-48.529155
97000	1.3837083e-05	-48.589554
97500	1.364764e-05	-48.649425
98000	1.3462401e-05	-48.708775
98500	1.3281238e-05	-48.767614
99000	1.3104028e-05	-48.825952
99500	1.2930652e-05	-48.883796
100000	1.2760996e-05	-48.941154
100500	1.2594949e-05	-48.998036
101000	1.2432407e-05	-49.054448
101500	1.2273268e-05	-49.110398
102000	1.2117433e-05	-49.165894
102500	1.1964808e-05	-49.220943
103000	1.1815302e-05	-49.275552
103500	1.1668827e-05	-49.329728
104000	1.15253e-05	-49.383478
104500	1.1384637e-05	-49.436808
105000	1.1246761e-05	-49.489725
105500	1.1111595e-05	-49.542236
106000	1.0979067e-05	-49.594346
106500	1.0849105e-05	-49.646061
107000	1.0721641e-05	-49.697387
107500	1.0596609e-05	-49.748331
108000	1.0473945e-05	-49.798897
108500	1.0353588e-05	-49.849091
109000	1.0235478e-05	-49.898919
109500	1.0119557e-05	-49.948385
110000	1.0005769e-05	-49.997495
110500	9.8940608e-06	-50.046254
111000	9.7843797e-06	-50.094667
111500	9.6766753e-06	-50.142738
112000	9.5708986e-06	-50.190473
112500	9.467002e-06	-50.237875
113000	9.3649398e-06	-50.28495
113500	9.2646674e-06	-50.331702
114000	9.1661417e-06	-50.378134
114500	9.0693209e-06	-50.424252
115000	8.9741644e-06	-50.47006
115500	8.880633e-06	-50.515561
116000	8.7886886e-06	-50.560759
116500	8.6982941e-06	-50.605659
117000	8.6094137e-06	-50.650264
117500	8.5220125e-06	-50.694578
118000	8.4360569e-06	-50.738605
118500	8.3515139e-06	-50.782348
119000	8.2683516e-06	-50.825811
119500	8.1865393e-06	-50.868997
120000	8.1060466e-06	-50.911909
120500	8.0268446e-06	-50.954551
121000	7.9489047e-06	-50.996927
121500	7.8721994e-06	-51.039039
122000	7.7967019e-06	-51.080891
122500	7.722386e-06	-51.122485
123000	7.6492265e-06	-51.163825
123500	7.5771986e-06	-51.204913
124000	7.5062783e-06	-51.245753
124500	7.4364424e-06	-51.286348
125000	7.367668e-06	-51.326699
125500	7.2999332e-06	-51.366811
126000	7.2332162e-06	-51.406686
126500	7.1674962e-06	-51.446325
127000	7.1027528e-06	-51.485733
127500	7.0389661e-06	-51.524911
128000	6.9761167e-06	-51.563863
128500	6.9141858e-06	-51.60259
129000	6.853155e-06	-51.641094
129500	6.7930064e-06	-51.67938
130000	6.7337225e-06	-51.717448
130500	6.6752864e-06	-51.755301
131000	6.6176813e-06	-51.792942
131500	6.5608912e-06	-51.830372
132000	6.5049003e-06	-51.867594
132500	6.4496932e-06	-51.904609
133000	6.3952549e-06	-51.941421
133500	6.3415708e-06	-51.978032
134000	6.2886265e-06	-52.014442
134500	6.2364082e-06	-52.050655
135000	6.1849022e-06	-52.086672
135500	6.1340952e-06	-52.122495
136000	6.0839743e-06	-52.158126
136500	6.0345268e-06	-52.193568
137000	5.9857404e-06	-52.228821
137500	5.937603e-06	-52.263888
138000	5.8901028e-06	-52.298771
138500	5.8432283e-06	-52.333471
139000	5.7969682e-06	-52.367991
139500	5.7513116e-06	-52.402331
140000	5.7062477e-06	-52.436494
140500	5.6617659e-06	-52.470481
141000	5.6178561e-06	-52.504294
141500	5.5745082e-06	-52.537934
142000	5.5317124e-06	-52.571404
142500	5.4894591e-06	-52.604704
143000	5.4477389e-06	-52.637837
143500	5.4065427e-06	-52.670804
144000	5.3658615e-06	-52.703605
144500	5.3256864e-06	-52.736244
145000	5.2860091e-06	-52.768721
145500	5.2468209e-06	-52.801038
146000	5.2081138e-06	-52.833195
146500	5.1698796e-06	-52.865196
147000	5.1321105e-06	-52.89704
147500	5.0947989e-06	-52.92873
148000	5.0579371e-06	-52.960266
148500	5.0215178e-06	-52.99165
149000	4.9855337e-06	-53.022883
149500	4.9499778e-06	-53.053968
150000	4.9148431e-06	-53.084903
150500	4.8801229e-06	-53.115692
151000	4.8458105e-06	-53.146336
151500	4.8118994e-06	-53.176835
152000	4.7783832e-06	-53.20719
152500	4.7452556e-06	-53.237404
153000	4.7125106e-06	-53.267477
153500	4.6801421e-06	-53.29741
154000	4.6481443e-06	-53.327204
154500	4.6165113e-06	-53.356861
155000	4.5852376e-06	-53.386382
155500	4.5543175e-06	-53.415767
156000	4.5237458e-06	-53.445018
156500	4.4935169e-06	-53.474136
157000	4.4636258e-06	-53.503122
157500	4.4340673e-06	-53.531977
158000	4.4048364e-06	-53.560702
158500	4.3759281e-06	-53.589298
159000	4.3473376e-06	-53.617766
159500	4.3190602e-06	-53.646107
160000	4.2910913e-06	-53.674322
160500	4.2634262e-06	-53.702412
161000	4.2360606e-06	-53.730378
161500	4.2089899e-06	-53.758221
162000	4.18221e-06	-53.785942
162500	4.1557165e-06	-53.813541
163000	4.1295054e-06	-53.84102
163500	4.1035725e-06	-53.868379
164000	4.0779139e-06	-53.89562
164500	4.0525256e-06	-53.922742
165000	4.0274037e-06	-53.949748
165500	4.0025446e-06	-53.976638
166000	3.9779444e-06	-54.003413
166500	3.9535996e-06	-54.030073
167000	3.9295065e-06	-54.05662
167500	3.9056617e-06	-54.083054
168000	3.8820616e-06	-54.109376
168500	3.8587028e-06	-54.135587
169000	3.8355822e-06	-54.161687
169500	3.8126963e-06	-54.187678
170000	3.7900419e-06	-54.21356
170500	3.7676159e-06	-54.239334
171000	3.7454152e-06	-54.265
171500	3.7234367e-06	-54.29056
172000	3.7016774e-06	-54.316014
172500	3.6801344e-06	-54.341363
173000	3.6588047e-06	-54.366608
173500	3.6376856e-06	-54.391748
174000	3.6167742e-06	-54.416786
174500	3.5960678e-06	-54.441721
175000	3.5755636e-06	-54.466555
175500	3.555259e-06	-54.491288
176000	3.5351514e-06	-54.51592
176500	3.5152382e-06	-54.540452
177000	3.4955168e-06	-54.564886
177500	3.4759849e-06	-54.589221
178000	3.4566398e-06	-54.613459
178500	3.4374794e-06	-54.637599
179000	3.418501e-06	-54.661643
179500	3.3997025e-06	-54.685591
180000	3.3810816e-06	-54.709443
180500	3.3626359e-06	-54.733202
181000	3.3443633e-06	-54.756865
181500	3.3262616e-06	-54.780436
182000	3.3083286e-06	-54.803914
182500	3.2905623e-06	-54.827299
183000	3.2729605e-06	-54.850592
183500	3.2555212e-06	-54.873795
184000	3.2382424e-06	-54.896906
184500	3.2211221e-06	-54.919928
185000	3.2041584e-06	-54.94286
185500	3.1873493e-06	-54.965703
186000	3.1706929e-06	-54.988458
186500	3.1541874e-06	-55.011125
187000	3.137831e-06	-55.033704
187500	3.1216218e-06	-55.056197
188000	3.1055581e-06	-55.078603
188500	3.0896382e-06	-55.100924
189000	3.0738602e-06	-55.123159
189500	3.0582226e-06	-55.145309
190000	3.0427235e-06	-55.167375
190500	3.0273615e-06	-55.189357
191000	3.0121349e-06	-55.211256
191500	2.997042e-06	-55.233072
192000	2.9820813e-06	-55.254805
192500	2.9672513e-06	-55.276457
193000	2.9525505e-06	-55.298027
193500	2.9379772e-06	-55.319516
194000	2.9235301e-06	-55.340924
194500	2.9092078e-06	-55.362253
195000	2.8950086e-06	-55.383501
195500	2.8809313e-06	-55.404671
196000	2.8669745e-06	-55.425762
196500	2.8531368e-06	-55.446774
197000	2.8394167e-06	-55.467709
197500	2.8258131e-06	-55.488566
198000	2.8123245e-06	-55.509346
198500	2.7989497e-06	-55.530049
199000	2.7856874e-06	-55.550676
199500	2.7725363e-06	-55.571228
200000	2.7594952e-06	-55.591704
200500	2.7465629e-06	-55.612105
201000	2.7337381e-06	-55.632431
201500	2.7210198e-06	-55.652683
202000	2.7084066e-06	-55.672861
202500	2.6958975e-06	-55.692966
203000	2.6834912e-06	-55.712998
203500	2.6711868e-06	-55.732957
204000	2.658983e-06	-55.752844
204500	2.6468788e-06	-55.772659
205000	2.6348731e-06	-55.792403
205500	2.6229648e-06	-55.812075
206000	2.611153e-06	-55.831677
206500	2.5994364e-06	-55.851208
207000	2.5878143e-06	-55.870669
207500	2.5762854e-06	-55.89006
208000	2.5648489e-06	-55.909382
208500	2.5535037e-06	-55.928635
209000	2.5422489e-06	-55.947819
209500	2.5310836e-06	-55.966935
210000	2.5200067e-06	-55.985983
210500	2.5090174e-06	-56.004963
211000	2.4981148e-06	-56.023876
211500	2.4872979e-06	-56.042722
212000	2.4765659e-06	-56.061501
212500	2.4659179e-06	-56.080214
213000	2.455353e-06	-56.098861
213500	2.4448703e-06	-56.117442
214000	2.434469e-06	-56.135957
214500	2.4241484e-06	-56.154408
215000	2.4139075e-06	-56.172794
215500	2.4037455e-06	-56.191115
216000	2.3936617e-06	-56.209372
216500	2.3836552e-06	-56.227566
217000	2.3737253e-06	-56.245695
217500	2.3638712e-06	-56.263762
218000	2.3540921e-06	-56.281765
218500	2.3443873e-06	-56.299706
219000	2.3347561e-06	-56.317585
219500	2.3251977e-06	-56.335401
220000	2.3157114e-06	-56.353156
220500	2.3062964e-06	-56.370849
221000	2.2969522e-06	-56.388481
221500	2.2876779e-06	-56.406051
222000	2.2784728e-06	-56.423561
222500	2.2693364e-06	-56.441011
223000	2.260268e-06	-56.458401
223500	2.2512668e-06	-56.47573
224000	2.2423323e-06	-56.493
224500	2.2334637e-06	-56.510211
225000	2.2246605e-06	-56.527363
225500	2.215922e-06	-56.544455
226000	2.2072475e-06	-56.56149
226500	2.1986366e-06	-56.578465
227000	2.1900885e-06	-56.595383
227500	2.1816027e-06	-56.612243
228000	2.1731786e-06	-56.629046
228500	2.1648156e-06	-56.645791
229000	2.1565131e-06	-56.662479
229500	2.1482706e-06	-56.67911
230000	2.1400874e-06	-56.695685
230500	2.1319631e-06	-56.712203
231000	2.123897e-06	-56.728665
231500	2.1158887e-06	-56.745072
232000	2.1079376e-06	-56.761423
232500	2.1000431e-06	-56.777718
233000	2.0922048e-06	-56.793958
233500	2.0844221e-06	-56.810143
234000	2.0766945e-06	-56.826274
234500	2.0690215e-06	-56.84235
235000	2.0614026e-06	-56.858372
235500	2.0538374e-06	-56.874339
236000	2.0463252e-06	-56.890253
236500	2.0388657e-06	-56.906114
237000	2.0314584e-06	-56.921921
237500	2.0241028e-06	-56.937674
238000	2.0167983e-06	-56.953375
238500	2.0095447e-06	-56.969023
239000	2.0023413e-06	-56.984619
239500	1.9951878e-06	-57.000162
240000	1.9880838e-06	-57.015653
240500	1.9810287e-06	-57.031092
241000	1.9740221e-06	-57.04648
241500	1.9670636e-06	-57.061816
242000	1.9601529e-06	-57.077101
242500	1.9532894e-06	-57.092334
243000	1.9464727e-06	-57.107517
243500	1.9397025e-06	-57.122649
244000	1.9329783e-06	-57.13773
244500	1.9262997e-06	-57.152761
245000	1.9196664e-06	-57.167742
245500	1.9130779e-06	-57.182673
246000	1.9065339e-06	-57.197555
246500	1.9000339e-06	-57.212387
247000	1.8935776e-06	-57.227169
247500	1.8871646e-06	-57.241902
248000	1.8807946e-06	-57.256586
248500	1.8744671e-06	-57.271222
249000	1.8681819e-06	-57.285808
249500	1.8619385e-06	-57.300347
250000	1.8557366e-06	-57.314837
250500	1.8495758e-06	-57.329279
251000	1.8434559e-06	-57.343673
251500	1.8373764e-06	-57.358019
252000	1.831337e-06	-57.372317
252500	1.8253374e-06	-57.386569
253000	1.8193772e-06	-57.400773
253500	1.8134561e-06	-57.414929
254000	1.8075739e-06	-57.429039
254500	1.8017301e-06	-57.443103
255000	1.7959244e-06	-57.457119
255500	1.7901566e-06	-57.47109
256000	1.7844263e-06	-57.485014
256500	1.7787332e-06	-57.498892
257000	1.773077e-06	-57.512724
257500	1.7674575e-06	-57.52651
258000	1.7618742e-06	-57.540251
258500	1.7563269e-06	-57.553946
259000	1.7508154e-06	-57.567596
259500	1.7453393e-06	-57.581201
260000	1.7398983e-06	-57.594761
260500	1.7344922e-06	-57.608276
261000	1.7291207e-06	-57.621747
261500	1.7237835e-06	-57.635173
262000	1.7184803e-06	-57.648555
262500	1.7132108e-06	-57.661892
263000	1.7079748e-06	-57.675185
263500	1.7027721e-06	-57.688435
264000	1.6976023e-06	-57.70164
264500	1.6924652e-06	-57.714803
265000	1.6873605e-06	-57.727921
265500	1.6822881e-06	-57.740996
266000	1.6772475e-06	-57.754028
266500	1.6722386e-06	-57.767017
267000	1.6672612e-06	-57.779964
267500	1.6623149e-06	-57.792867
268000	1.6573996e-06	-57.805728
268500	1.652515e-06	-57.818546
269000	1.6476608e-06	-57.831322
269500	1.6428369e-06	-57.844055
270000	1.638043e-06	-57.856747
270500	1.6332788e-06	-57.869397
271000	1.6285442e-06	-57.882005
271500	1.6238389e-06	-57.894571
272000	1.6191626e-06	-57.907095
272500	1.6145153e-06	-57.919578
273000	1.6098965e-06	-57.93202
273500	1.6053062e-06	-57.944421
274000	1.6007441e-06	-57.956781
274500	1.59621e-06	-57.9691
275000	1.5917037e-06	-57.981378
275500	1.587225e-06	-57.993615
276000	1.5827737e-06	-58.005812
276500	1.5783495e-06	-58.017968
277000	1.5739523e-06	-58.030084
277500	1.5695818e-06	-58.04216
278000	1.5652379e-06	-58.054196
278500	1.5609204e-06	-58.066192
279000	1.556629e-06	-58.078149
279500	1.5523637e-06	-58.090065
280000	1.5481241e-06	-58.101942
280500	1.5439101e-06	-58.11378
281000	1.5397216e-06	-58.125578
281500	1.5355582e-06	-58.137337
282000	1.5314199e-06	-58.149057
282500	1.5273065e-06	-58.160738
283000	1.5232177e-06	-58.17238
283500	1.5191535e-06	-58.183984
284000	1.5151135e-06	-58.195548
284500	1.5110977e-06	-58.207074
285000	1.5071059e-06	-58.218562
285500	1.5031379e-06	-58.230012
286000	1.4991935e-06	-58.241423
286500	1.4952726e-06	-58.252796
287000	1.491375e-06	-58.264131
287500	1.4875005e-06	-58.275429
288000	1.483649e-06	-58.286688
288500	1.4798203e-06	-58.29791
289000	1.4760142e-06	-58.309095
289500	1.4722306e-06	-58.320242
290000	1.4684694e-06	-58.331351
290500	1.4647303e-06	-58.342423
291000	1.4610132e-06	-58.353459
291500	1.457318e-06	-58.364457
292000	1.4536444e-06	-58.375418
292500	1.4499925e-06	-58.386342
293000	1.4463619e-06	-58.39723
293500	1.4427527e-06	-58.408081
294000	1.4391645e-06	-58.418896
294500	1.4355973e-06	-58.429674
295000	1.4320509e-06	-58.440416
295500	1.4285252e-06	-58.451121
296000	1.42502e-06	-58.46179
296500	1.4215352e-06	-58.472424
297000	1.4180707e-06	-58.483021
297500	1.4146264e-06	-58.493583
298000	1.411202e-06	-58.504108
298500	1.4077974e-06	-58.514598
299000	1.4044126e-06	-58.525053
299500	1.4010474e-06	-58.535472
300000	1.3977016e-06	-58.545855
300500	1.3943751e-06	-58.556204
301000	1.3910678e-06	-58.566517
301500	1.3877796e-06	-58.576795
302000	1.3845104e-06	-58.587038
302500	1.3812599e-06	-58.597246
303000	1.3780281e-06	-58.607419
303500	1.374815e-06	-58.617558
304000	1.3716202e-06	-58.627661
304500	1.3684438e-06	-58.63773
305000	1.3652855e-06	-58.647765
305500	1.3621454e-06	-58.657765
306000	1.3590232e-06	-58.667731
306500	1.3559189e-06	-58.677663
307000	1.3528323e-06	-58.68756
307500	1.3497633e-06	-58.697424
308000	1.3467118e-06	-58.707253
308500	1.3436777e-06	-58.717049
309000	1.3406609e-06	-58.726811
309500	1.3376613e-06	-58.736539
310000	1.3346787e-06	-58.746233
310500	1.331713e-06	-58.755894
311000	1.3287642e-06	-58.765521
311500	1.3258321e-06	-58.775115
312000	1.3229167e-06	-58.784675
312500	1.3200178e-06	-58.794202
313000	1.3171353e-06	-58.803696
313500	1.3142691e-06	-58.813157
314000	1.3114191e-06	-58.822585
314500	1.3085852e-06	-58.83198
315000	1.3057674e-06	-58.841342
315500	1.3029654e-06	-58.850671
316000	1.3001793e-06	-58.859968
316500	1.2974088e-06	-58.869232
317000	1.294654e-06	-58.878463
317500	1.2919147e-06	-58.887662
318000	1.2891908e-06	-58.896828
318500	1.2864822e-06	-58.905962
319000	1.2837889e-06	-58.915064
319500	1.2811107e-06	-58.924133
320000	1.2784476e-06	-58.933171
320500	1.2757994e-06	-58.942176
321000	1.2731661e-06	-58.951149
321500	1.2705475e-06	-58.960091
322000	1.2679437e-06	-58.969
322500	1.2653544e-06	-58.977878
323000	1.2627796e-06	-58.986724
323500	1.2602193e-06	-58.995539
324000	1.2576733e-06	-59.004322
324500	1.2551415e-06	-59.013073
325000	1.2526239e-06	-59.021793
325500	1.2501204e-06	-59.030482
326000	1.2476308e-06	-59.039139
326500	1.2451552e-06	-59.047765
327000	1.2426934e-06	-59.05636
327500	1.2402454e-06	-59.064924
328000	1.237811e-06	-59.073457
328500	1.2353902e-06	-59.081958
329000	1.2329829e-06	-59.090429
329500	1.2305891e-06	-59.098869
330000	1.2282086e-06	-59.107279
330500	1.2258413e-06	-59.115657
331000	1.2234873e-06	-59.124005
331500	1.2211464e-06	-59.132323
332000	1.2188185e-06	-59.14061
332500	1.2165036e-06	-59.148866
333000	1.2142016e-06	-59.157092
333500	1.2119124e-06	-59.165288
334000	1.209636e-06	-59.173453
334500	1.2073722e-06	-59.181588
335000	1.2051211e-06	-59.189693
335500	1.2028824e-06	-59.197768
336000	1.2006563e-06	-59.205813
336500	1.1984425e-06	-59.213828
337000	1.196241e-06	-59.221813
337500	1.1940518e-06	-59.229768
338000	1.1918748e-06	-59.237694
338500	1.1897099e-06	-59.245589
339000	1.187557e-06	-59.253455
339500	1.1854161e-06	-59.261292
340000	1.1832872e-06	-59.269099
340500	1.18117e-06	-59.276876
341000	1.1790647e-06	-59.284624
341500	1.1769711e-06	-59.292342
342000	1.1748891e-06	-59.300031
342500	1.1728187e-06	-59.307691
343000	1.1707599e-06	-59.315322
343500	1.1687125e-06	-59.322923
344000	1.1666765e-06	-59.330495
344500	1.1646519e-06	-59.338039
345000	1.1626385e-06	-59.345553
345500	1.1606364e-06	-59.353038
346000	1.1586454e-06	-59.360495
346500	1.1566655e-06	-59.367922
347000	1.1546966e-06	-59.375321
347500	1.1527388e-06	-59.382691
348000	1.1507918e-06	-59.390032
348500	1.1488558e-06	-59.397345
349000	1.1469305e-06	-59.404629
349500	1.145016e-06	-59.411885
350000	1.1431121e-06	-59.419112
350500	1.1412189e-06	-59.42631
351000	1.1393363e-06	-59.433481
351500	1.1374642e-06	-59.440623
352000	1.1356026e-06	-59.447736
352500	1.1337514e-06	-59.454822
353000	1.1319106e-06	-59.461879
353500	1.1300801e-06	-59.468908
354000	1.1282598e-06	-59.475909
354500	1.1264497e-06	-59.482882
355000	1.1246498e-06	-59.489827
355500	1.12286e-06	-59.496744
356000	1.1210803e-06	-59.503633
356500	1.1193105e-06	-59.510494
357000	1.1175507e-06	-59.517328
357500	1.1158008e-06	-59.524133
358000	1.1140607e-06	-59.530911
358500	1.1123305e-06	-59.537662
359000	1.11061e-06	-59.544384
359500	1.1088991e-06	-59.55108
360000	1.107198e-06	-59.557747
360500	1.1055064e-06	-59.564387
361000	1.1038244e-06	-59.571
361500	1.1021519e-06	-59.577585
362000	1.1004889e-06	-59.584143
362500	1.0988353e-06	-59.590674
363000	1.0971911e-06	-59.597177
363500	1.0955562e-06	-59.603654
364000	1.0939305e-06	-59.610103
364500	1.0923141e-06	-59.616524
365000	1.0907069e-06	-59.622919
365500	1.0891089e-06	-59.629287
366000	1.0875199e-06	-59.635628
366500	1.08594e-06	-59.641942
367000	1.0843692e-06	-59.648228
367500	1.0828073e-06	-59.654488
368000	1.0812543e-06	-59.660722
368500	1.0797102e-06	-59.666928
369000	1.078175e-06	-59.673108
369500	1.0766485e-06	-59.67926
370000	1.0751309e-06	-59.685387
370500	1.0736219e-06	-59.691486
371000	1.0721217e-06	-59.697559
371500	1.07063e-06	-59.703606
372000	1.069147e-06	-59.709626
372500	1.0676726e-06	-59.715619
373000	1.0662066e-06	-59.721586
373500	1.0647492e-06	-59.727527
374000	1.0633002e-06	-59.733441
374500	1.0618596e-06	-59.739329
375000	1.0604274e-06	-59.745191
375500	1.0590035e-06	-59.751026
376000	1.0575879e-06	-59.756835
376500	1.0561806e-06	-59.762618
377000	1.0547814e-06	-59.768375
377500	1.0533905e-06	-59.774106
378000	1.0520077e-06	-59.779811
378500	1.050633e-06	-59.785489
379000	1.0492664e-06	-59.791142
379500	1.0479079e-06	-59.796769
380000	1.0465573e-06	-59.80237
380500	1.0452147e-06	-59.807945
381000	1.0438801e-06	-59.813494
381500	1.0425533e-06	-59.819017
382000	1.0412344e-06	-59.824515
382500	1.0399234e-06	-59.829987
383000	1.0386201e-06	-59.835433
383500	1.0373246e-06	-59.840853
384000	1.0360368e-06	-59.846248
384500	1.0347568e-06	-59.851617
385000	1.0334844e-06	-59.856961
385500	1.0322196e-06	-59.862279
386000	1.0309624e-06	-59.867572
386500	1.0297128e-06	-59.872839
387000	1.0284708e-06	-59.87808
387500	1.0272362e-06	-59.883297
388000	1.0260092e-06	-59.888488
388500	1.0247895e-06	-59.893653
389000	1.0235773e-06	-59.898793
389500	1.0223725e-06	-59.903908
390000	1.021175e-06	-59.908998
390500	1.0199849e-06	-59.914063
391000	1.018802e-06	-59.919102
391500	1.0176264e-06	-59.924116
392000	1.0164581e-06	-59.929105
392500	1.0152969e-06	-59.934069
393000	1.0141429e-06	-59.939008
393500	1.0129961e-06	-59.943922
394000	1.0118564e-06	-59.948811
394500	1.0107238e-06	-59.953675
395000	1.0095983e-06	-59.958514
395500	1.0084798e-06	-59.963328
396000	1.0073683e-06	-59.968117
396500	1.0062638e-06	-59.972882
397000	1.0051662e-06	-59.977621
397500	1.0040756e-06	-59.982336
398000	1.0029919e-06	-59.987026
398500	1.001915e-06	-59.991691
399000	1.000845e-06	-59.996332
399500	9.9978183e-07	-60.000948
400000	9.9872546e-07	-60.005539
400500	9.9767586e-07	-60.010105
401000	9.96633e-07	-60.014647
401500	9.9559687e-07	-60.019165
402000	9.9456744e-07	-60.023658
402500	9.9354467e-07	-60.028126
403000	9.9252856e-07	-60.03257
403500	9.9151907e-07	-60.036989
404000	9.9051618e-07	-60.041384
404500	9.8951987e-07	-60.045755
405000	9.8853011e-07	-60.050101
405500	9.8754688e-07	-60.054423
406000	9.8657015e-07	-60.05872
406500	9.8559991e-07	-60.062993
407000	9.8463612e-07	-60.067242
407500	9.8367877e-07	-60.071467
408000	9.8272784e-07	-60.075667
408500	9.8178329e-07	-60.079844
409000	9.8084512e-07	-60.083996
409500	9.7991329e-07	-60.088124
410000	9.7898779e-07	-60.092227
410500	9.7806859e-07	-60.096307
411000	9.7715568e-07	-60.100362
411500	9.7624902e-07	-60.104394
412000	9.753486e-07	-60.108401
412500	9.744544e-07	-60.112385
413000	9.735664e-07	-60.116344
413500	9.7268458e-07	-60.12028
414000	9.7180891e-07	-60.124191
414500	9.7093938e-07	-60.128079
415000	9.7007597e-07	-60.131943
415500	9.6921865e-07	-60.135782
416000	9.6836741e-07	-60.139598
416500	9.6752222e-07	-60.143391
417000	9.6668307e-07	-60.147159
417500	9.6584994e-07	-60.150903
418000	9.6502281e-07	-60.154624
418500	9.6420166e-07	-60.158321
419000	9.6338647e-07	-60.161995
419500	9.6257722e-07	-60.165644
420000	9.617739e-07	-60.16927
420500	9.6097648e-07	-60.172872
421000	9.6018494e-07	-60.176451
421500	9.5939928e-07	-60.180006
422000	9.5861947e-07	-60.183538
422500	9.5784549e-07	-60.187045
423000	9.5707733e-07	-60.19053
423500	9.5631497e-07	-60.19399
424000	9.5555839e-07	-60.197428
424500	9.5480757e-07	-60.200841
425000	9.5406251e-07	-60.204232
425500	9.5332317e-07	-60.207599
426000	9.5258954e-07	-60.210942
426500	9.5186162e-07	-60.214262
427000	9.5113937e-07	-60.217558
427500	9.5042279e-07	-60.220832
428000	9.4971186e-07	-60.224081
428500	9.4900656e-07	-60.227308
429000	9.4830688e-07	-60.230511
429500	9.476128e-07	-60.233691
430000	9.4692431e-07	-60.236847
430500	9.4624139e-07	-60.239981
431000	9.4556402e-07	-60.243091
431500	9.448922e-07	-60.246177
432000	9.4422589e-07	-60.249241
432500	9.435651e-07	-60.252281
433000	9.4290981e-07	-60.255298
433500	9.4226e-07	-60.258292
434000	9.4161565e-07	-60.261263
434500	9.4097676e-07	-60.264211
435000	9.4034331e-07	-60.267136
435500	9.3971528e-07	-60.270037
436000	9.3909267e-07	-60.272916
436500	9.3847545e-07	-60.275771
437000	9.3786361e-07	-60.278603
437500	9.3725715e-07	-60.281412
438000	9.3665604e-07	-60.284199
438500	9.3606028e-07	-60.286962
439000	9.3546984e-07	-60.289702
439500	9.3488473e-07	-60.292419
440000	9.3430492e-07	-60.295114
440500	9.337304e-07	-60.297785
441000	9.3316116e-07	-60.300433
441500	9.325972e-07	-60.303059
442000	9.3203848e-07	-60.305662
442500	9.3148501e-07	-60.308241
443000	9.3093677e-07	-60.310798
443500	9.3039375e-07	-60.313332
444000	9.2985594e-07	-60.315843
444500	9.2932332e-07	-60.318332
445000	9.2879589e-07	-60.320797
445500	9.2827363e-07	-60.32324
446000	9.2775653e-07	-60.32566
446500	9.2724458e-07	-60.328057
447000	9.2673777e-07	-60.330431
447500	9.2623609e-07	-60.332783
448000	9.2573953e-07	-60.335112
448500	9.2524807e-07	-60.337418
449000	9.2476172e-07	-60.339702
449500	9.2428044e-07	-60.341962
450000	9.2380425e-07	-60.3442
450500	9.2333311e-07	-60.346416
451000	9.2286704e-07	-60.348609
451500	9.22406e-07	-60.350779
452000	9.2195001e-07	-60.352926
452500	9.2149904e-07	-60.355051
453000	9.2105308e-07	-60.357153
453500	9.2061214e-07	-60.359233
454000	9.2017619e-07	-60.36129
454500	9.1974522e-07	-60.363325
455000	9.1931924e-07	-60.365337
455500	9.1889822e-07	-60.367326
456000	9.1848217e-07	-60.369293
456500	9.1807107e-07	-60.371237
457000	9.1766491e-07	-60.373159
457500	9.1726368e-07	-60.375058
458000	9.1686738e-07	-60.376935
458500	9.16476e-07	-60.378789
459000	9.1608953e-07	-60.380621
459500	9.1570796e-07	-60.38243
460000	9.1533128e-07	-60.384217
460500	9.1495949e-07	-60.385981
461000	9.1459257e-07	-60.387723
461500	9.1423052e-07	-60.389443
462000	9.1387334e-07	-60.39114
462500	9.1352101e-07	-60.392815
463000	9.1317352e-07	-60.394467
463500	9.1283088e-07	-60.396097
464000	9.1249307e-07	-60.397704
464500	9.1216008e-07	-60.399289
465000	9.1183191e-07	-60.400852
465500	9.1150855e-07	-60.402393
466000	9.1119e-07	-60.403911
466500	9.1087624e-07	-60.405406
467000	9.1056728e-07	-60.40688
467500	9.102631e-07	-60.408331
468000	9.099637e-07	-60.409759
468500	9.0966907e-07	-60.411166
469000	9.093792e-07	-60.41255
469500	9.090941e-07	-60.413912
470000	9.0881375e-07	-60.415251
470500	9.0853815e-07	-60.416568
471000	9.0826729e-07	-60.417863
471500	9.0800116e-07	-60.419136
472000	9.0773977e-07	-60.420386
472500	9.074831e-07	-60.421615
473000	9.0723115e-07	-60.42282
473500	9.0698392e-07	-60.424004
474000	9.067414e-07	-60.425166
474500	9.0650358e-07	-60.426305
475000	9.0627046e-07	-60.427422
475500	9.0604204e-07	-60.428517
476000	9.0581831e-07	-60.429589
476500	9.0559926e-07	-60.430639
477000	9.0538489e-07	-60.431668
477500	9.051752e-07	-60.432674
478000	9.0497018e-07	-60.433657
478500	9.0476983e-07	-60.434619
479000	9.0457415e-07	-60.435558
479500	9.0438312e-07	-60.436476
480000	9.0419675e-07	-60.437371
480500	9.0401503e-07	-60.438243
481000	9.0383796e-07	-60.439094
481500	9.0366553e-07	-60.439923
482000	9.0349774e-07	-60.440729
482500	9.033346e-07	-60.441514
483000	9.0317608e-07	-60.442276
483500	9.030222e-07	-60.443016
484000	9.0287294e-07	-60.443734
484500	9.0272831e-07	-60.444429
485000	9.0258829e-07	-60.445103
485500	9.024529e-07	-60.445755
486000	9.0232212e-07	-60.446384
486500	9.0219596e-07	-60.446991
487000	9.0207441e-07	-60.447576
487500	9.0195746e-07	-60.448139
488000	9.0184512e-07	-60.44868
488500	9.0173738e-07	-60.449199
489000	9.0163425e-07	-60.449696
489500	9.0153571e-07	-60.450171
490000	9.0144177e-07	-60.450623
490500	9.0135242e-07	-60.451054
491000	9.0126767e-07	-60.451462
491500	9.011875e-07	-60.451848
492000	9.0111193e-07	-60.452213
492500	9.0104095e-07	-60.452555
493000	9.0097455e-07	-60.452875
493500	9.0091274e-07	-60.453173
494000	9.0085551e-07	-60.453449
494500	9.0080286e-07	-60.453702
495000	9.007548e-07	-60.453934
495500	9.0071131e-07	-60.454144
496000	9.0067241e-07	-60.454331
496500	9.0063808e-07	-60.454497
497000	9.0060833e-07	-60.45464
497500	9.0058316e-07	-60.454762
498000	9.0056257e-07	-60.454861
498500	9.0054655e-07	-60.454938
499000	9.0053511e-07	-60.454993
499500	9.0052825e-07	-60.455027
500000	9.0052596e-07	-60.455038
500500	9.0052825e-07	-60.455027
501000	9.0053511e-07	-60.454993
501500	9.0054655e-07	-60.454938
502000	9.0056257e-07	-60.454861
502500	9.0058316e-07	-60.454762
503000	9.0060833e-07	-60.45464
503500	9.0063808e-07	-60.454497
504000	9.0067241e-07	-60.454331
504500	9.0071131e-07	-60.454144
505000	9.007548e-07	-60.453934
505500	9.0080286e-07	-60.453702
506000	9.0085551e-07	-60.453449
506500	9.0091274e-07	-60.453173
507000	9.0097455e-07	-60.452875
507500	9.0104095e-07	-60.452555
508000	9.0111193e-07	-60.452213
508500	9.011875e-07	-60.451848
509000	9.0126767e-07	-60.451462
509500	9.0135242e-07	-60.451054
510000	9.0144177e-07	-60.450623
510500	9.0153571e-07	-60.450171
511000	9.0163425e-07	-60.449696
511500	9.0173738e-07	-60.449199
512000	9.0184512e-07	-60.44868
512500	9.0195746e-07	-60.448139
513000	9.0207441e-07	-60.447576
513500	9.0219596e-07	-60.446991
514000	9.0232212e-07	-60.446384
514500	9.024529e-07	-60.445755
515000	9.0258829e-07	-60.445103
515500	9.0272831e-07	-60.444429
516000	9.0287294e-07	-60.443734
516500	9.030222e-07	-60.443016
517000	9.0317608e-07	-60.442276
517500	9.033346e-07	-60.441514
518000	9.0349774e-07	-60.440729
518500	9.0366553e-07	-60.439923
519000	9.0383796e-07	-60.439094
519500	9.0401503e-07	-60.438243
520000	9.0419675e-07	-60.437371
520500	9.0438312e-07	-60.436476
521000	9.0457415e-07	-60.435558
521500	9.0476983e-07	-60.434619
522000	9.0497018e-07	-60.433657
522500	9.051752e-07	-60.432674
523000	9.0538489e-07	-60.431668
523500	9.0559926e-07	-60.430639
524000	9.0581831e-07	-60.429589
524500	9.0604204e-07	-60.428517
525000	9.0627046e-07	-60.427422
525500	9.0650358e-07	-60.426305
526000	9.067414e-07	-60.425166
526500	9.0698392e-07	-60.424004
527000	9.0723115e-07	-60.42282
527500	9.074831e-07	-60.421615
528000	9.0773977e-07	-60.420386
528500	9.0800116e-07	-60.419136
529000	9.0826729e-07	-60.417863
529500	9.0853815e-07	-60.416568
530000	9.0881375e-07	-60.415251
530500	9.090941e-07	-60.413912
531000	9.093792e-07	-60.41255
531500	9.0966907e-07	-60.411166
532000	9.099637e-07	-60.409759
532500	9.102631e-07	-60.408331
533000	9.1056728e-07	-60.40688
533500	9.1087624e-07	-60.405406
534000	9.1119e-07	-60.403911
534500	9.1150855e-07	-60.402393
535000	9.1183191e-07	-60.400852
535500	9.1216008e-07	-60.399289
536000	9.1249307e-07	-60.397704
536500	9.1283088e-07	-60.396097
537000	9.1317352e-07	-60.394467
537500	9.1352101e-07	-60.392815
538000	9.1387334e-07	-60.39114
538500	9.1423052e-07	-60.389443
539000	9.1459257e-07	-60.387723
539500	9.1495949e-07	-60.385981
540000	9.1533128e-07	-60.384217
540500	9.1570796e-07	-60.38243
541000	9.1608953e-07	-60.380621
541500	9.16476e-07	-60.378789
542000	9.1686738e-07	-60.376935
542500	9.1726368e-07	-60.375058
543000	9.1766491e-07	-60.373159
543500	9.1807107e-07	-60.371237
544000	9.1848217e-07	-60.369293
544500	9.1889822e-07	-60.367326
545000	9.1931924e-07	-60.365337
545500	9.1974522e-07	-60.363325
546000	9.2017619e-07	-60.36129
546500	9.2061214e-07	-60.359233
547000	9.2105308e-07	-60.357153
547500	9.2149904e-07	-60.355051
548000	9.2195001e-07	-60.352926
548500	9.22406e-07	-60.350779
549000	9.2286704e-07	-60.348609
549500	9.2333311e-07	-60.346416
550000	9.2380425e-07	-60.3442
550500	9.2428044e-07	-60.341962
551000	9.2476172e-07	-60.339702
551500	9.2524807e-07	-60.337418
552000	9.2573953e-07	-60.335112
552500	9.2623609e-07	-60.332783
553000	9.2673777e-07	-60.330431
553500	9.2724458e-07	-60.328057
554000	9.2775653e-07	-60.32566
554500	9.2827363e-07	-60.32324
555000	9.2879589e-07	-60.320797
555500	9.2932332e-07	-60.318332
556000	9.2985594e-07	-60.315843
556500	9.3039375e-07	-60.313332
557000	9.3093677e-07	-60.310798
557500	9.3148501e-07	-60.308241
558000	9.3203848e-07	-60.305662
558500	9.325972e-07	-60.303059
559000	9.3316116e-07	-60.300433
559500	9.337304e-07	-60.297785
560000	9.3430492e-07	-60.295114
560500	9.3488473e-07	-60.292419
561000	9.3546984e-07	-60.289702
561500	9.3606028e-07	-60.286962
562000	9.3665604e-07	-60.284199
562500	9.3725715e-07	-60.281412
563000	9.3786361e-07	-60.278603
563500	9.3847545e-07	-60.275771
564000	9.3909267e-07	-60.272916
564500	9.3971528e-07	-60.270037
565000	9.4034331e-07	-60.267136
565500	9.4097676e-07	-60.264211
566000	9.4161565e-07	-60.261263
566500	9.4226e-07	-60.258292
567000	9.4290981e-07	-60.255298
567500	9.435651e-07	-60.252281
568000	9.4422589e-07	-60.249241
568500	9.448922e-07	-60.246177
569000	9.4556402e-07	-60.243091
569500	9.4624139e-07	-60.239981
570000	9.4692431e-07	-60.236847
570500	9.476128e-07	-60.233691
571000	9.4830688e-07	-60.230511
571500	9.4900656e-07	-60.227308
572000	9.4971186e-07	-60.224081
572500	9.5042279e-07	-60.220832
573000	9.5113937e-07	-60.217558
573500	9.5186162e-07	-60.214262
574000	9.5258954e-07	-60.210942
574500	9.5332317e-07	-60.207599
575000	9.5406251e-07	-60.204232
575500	9.5480757e-07	-60.200841
576000	9.5555839e-07	-60.197428
576500	9.5631497e-07	-60.19399
577000	9.5707733e-07	-60.19053
577500	9.5784549e-07	-60.187045
578000	9.5861947e-07	-60.183538
578500	9.5939928e-07	-60.180006
579000	9.6018494e-07	-60.176451
579500	9.6097648e-07	-60.172872
580000	9.617739e-07	-60.16927
580500	9.6257722e-07	-60.165644
581000	9.6338647e-07	-60.161995
581500	9.6420166e-07	-60.158321
582000	9.6502281e-07	-60.154624
582500	9.6584994e-07	-60.150903
583000	9.6668307e-07	-60.147159
583500	9.6752222e-07	-60.143391
584000	9.6836741e-07	-60.139598
584500	9.6921865e-07	-60.135782
585000	9.7007597e-07	-60.131943
585500	9.7093938e-07	-60.128079
586000	9.7180891e-07	-60.124191
586500	9.7268458e-07	-60.12028
587000	9.735664e-07	-60.116344
587500	9.744544e-07	-60.112385
588000	9.753486e-07	-60.108401
588500	9.7624902e-07	-60.104394
589000	9.7715568e-07	-60.100362
589500	9.7806859e-07	-60.096307
590000	9.7898779e-07	-60.092227
590500	9.7991329e-07	-60.088124
591000	9.8084512e-07	-60.083996
591500	9.8178329e-07	-60.079844
592000	9.8272784e-07	-60.075667
592500	9.8367877e-07	-60.071467
593000	9.8463612e-07	-60.067242
593500	9.8559991e-07	-60.062993
594000	9.8657015e-07	-60.05872
594500	9.8754688e-07	-60.054423
595000	9.8853011e-07	-60.050101
595500	9.8951987e-07	-60.045755
596000	9.9051618e-07	-60.041384
596500	9.9151907e-07	-60.036989
597000	9.9252856e-07	-60.03257
597500	9.9354467e-07	-60.028126
598000	9.9456744e-07	-60.023658
598500	9.9559687e-07	-60.019165
599000	9.96633e-07	-60.014647
599500	9.9767586e-07	-60.010105
600000	9.9872546e-07	-60.005539
600500	9.9978183e-07	-60.000948
601000	1.000845e-06	-59.996332
601500	1.001915e-06	-59.991691
602000	1.0029919e-06	-59.987026
602500	1.0040756e-06	-59.982336
603000	1.0051662e-06	-59.977621
603500	1.0062638e-06	-59.972882
604000	1.0073683e-06	-59.968117
604500	1.0084798e-06	-59.963328
605000	1.0095983e-06	-59.958514
605500	1.0107238e-06	-59.953675
606000	1.0118564e-06	-59.948811
606500	1.0129961e-06	-59.943922
607000	1.0141429e-06	-59.939008
607500	1.0152969e-06	-59.934069
608000	1.0164581e-06	-59.929105
608500	1.0176264e-06	-59.924116
609000	1.018802e-06	-59.919102
609500	1.0199849e-06	-59.914063
610000	1.021175e-06	-59.908998
610500	1.0223725e-06	-59.903908
611000	1.0235773e-06	-59.898793
611500	1.0247895e-06	-59.893653
612000	1.0260092e-06	-59.888488
612500	1.0272362e-06	-59.883297
613000	1.0284708e-06	-59.87808
613500	1.0297128e-06	-59.872839
614000	1.0309624e-06	-59.867572
614500	1.0322196e-06	-59.862279
615000	1.0334844e-06	-59.856961
615500	1.0347568e-06	-59.851617
616000	1.0360368e-06	-59.846248
616500	1.0373246e-06	-59.840853
617000	1.0386201e-06	-59.835433
617500	1.0399234e-06	-59.829987
618000	1.0412344e-06	-59.824515
618500	1.0425533e-06	-59.819017
619000	1.0438801e-06	-59.813494
619500	1.0452147e-06	-59.807945
620000	1.0465573e-06	-59.80237
620500	1.0479079e-06	-59.796769
621000	1.0492664e-06	-59.791142
621500	1.050633e-06	-59.785489
622000	1.0520077e-06	-59.779811
622500	1.0533905e-06	-59.774106
623000	1.0547814e-06	-59.768375
623500	1.0561806e-06	-59.762618
624000	1.0575879e-06	-59.756835
624500	1.0590035e-06	-59.751026
625000	1.0604274e-06	-59.745191
625500	1.0618596e-06	-59.739329
626000	1.0633002e-06	-59.733441
626500	1.0647492e-06	-59.727527
627000	1.0662066e-06	-59.721586
627500	1.0676726e-06	-59.715619
628000	1.069147e-06	-59.709626
628500	1.07063e-06	-59.703606
629000	1.0721217e-06	-59.697559
629500	1.0736219e-06	-59.691486
630000	1.0751309e-06	-59.685387
630500	1.0766485e-06	-59.67926
631000	1.078175e-06	-59.673108
631500	1.0797102e-06	-59.666928
632000	1.0812543e-06	-59.660722
632500	1.0828073e-06	-59.654488
633000	1.0843692e-06	-59.648228
633500	1.08594e-06	-59.641942
634000	1.0875199e-06	-59.635628
634500	1.0891089e-06	-59.629287
635000	1.0907069e-06	-59.622919
635500	1.0923141e-06	-59.616524
636000	1.0939305e-06	-59.610103
636500	1.0955562e-06	-59.603654
637000	1.0971911e-06	-59.597177
637500	1.0988353e-06	-59.590674
638000	1.1004889e-06	-59.584143
638500	1.1021519e-06	-59.577585
639000	1.1038244e-06	-59.571
639500	1.1055064e-06	-59.564387
640000	1.107198e-06	-59.557747
640500	1.1088991e-06	-59.55108
641000	1.11061e-06	-59.544384
641500	1.1123305e-06	-59.537662
642000	1.1140607e-06	-59.530911
642500	1.1158008e-06	-59.524133
643000	1.1175507e-06	-59.517328
643500	1.1193105e-06	-59.510494
644000	1.1210803e-06	-59.503633
644500	1.12286e-06	-59.496744
645000	1.1246498e-06	-59.489827
645500	1.1264497e-06	-59.482882
646000	1.1282598e-06	-59.475909
646500	1.1300801e-06	-59.468908
647000	1.1319106e-06	-59.461879
647500	1.1337514e-06	-59.454822
648000	1.1356026e-06	-59.447736
648500	1.1374642e-06	-59.440623
649000	1.1393363e-06	-59.433481
649500	1.1412189e-06	-59.42631
650000	1.1431121e-06	-59.419112
650500	1.145016e-06	-59.411885
651000	1.1469305e-06	-59.404629
651500	1.1488558e-06	-59.397345
652000	1.1507918e-06	-59.390032
652500	1.1527388e-06	-59.382691
653000	1.1546966e-06	-59.375321
653500	1.1566655e-06	-59.367922
654000	1.1586454e-06	-59.360495
654500	1.1606364e-06	-59.353038
655000	1.1626385e-06	-59.345553
655500	1.1646519e-06	-59.338039
656000	1.1666765e-06	-59.330495
656500	1.1687125e-06	-59.322923
657000	1.1707599e-06	-59.315322
657500	1.1728187e-06	-59.307691
658000	1.1748891e-06	-59.300031
658500	1.1769711e-06	-59.292342
659000	1.1790647e-06	-59.284624
659500	1.18117e-06	-59.276876
660000	1.1832872e-06	-59.269099
660500	1.1854161e-06	-59.261292
661000	1.187557e-06	-59.253455
661500	1.1897099e-06	-59.245589
662000	1.1918748e-06	-59.237694
662500	1.1940518e-06	-59.229768
663000	1.196241e-06	-59.221813
663500	1.1984425e-06	-59.213828
664000	1.2006563e-06	-59.205813
664500	1.2028824e-06	-59.197768
665000	1.2051211e-06	-59.189693
665500	1.2073722e-06	-59.181588
666000	1.209636e-06	-59.173453
666500	1.2119124e-06	-59.165288
667000	1.2142016e-06	-59.157092
667500	1.2165036e-06	-59.148866
668000	1.2188185e-06	-59.14061
668500	1.2211464e-06	-59.132323
669000	1.2234873e-06	-59.124005
669500	1.2258413e-06	-59.115657
670000	1.2282086e-06	-59.107279
670500	1.2305891e-06	-59.098869
671000	1.2329829e-06	-59.090429
671500	1.2353902e-06	-59.081958
672000	1.237811e-06	-59.073457
672500	1.2402454e-06	-59.064924
673000	1.2426934e-06	-59.05636
673500	1.2451552e-06	-59.047765
674000	1.2476308e-06	-59.039139
674500	1.2501204e-06	-59.030482
675000	1.2526239e-06	-59.021793
675500	1.2551415e-06	-59.013073
676000	1.2576733e-06	-59.004322
676500	1.2602193e-06	-58.995539
677000	1.2627796e-06	-58.986724
677500	1.2653544e-06	-58.977878
678000	1.2679437e-06	-58.969
678500	1.2705475e-06	-58.960091
679000	1.2731661e-06	-58.951149
679500	1.2757994e-06	-58.942176
680000	1.2784476e-06	-58.933171
680500	1.2811107e-06	-58.924133
681000	1.2837889e-06	-58.915064
681500	1.2864822e-06	-58.905962
682000	1.2891908e-06	-58.896828
682500	1.2919147e-06	-58.887662
683000	1.294654e-06	-58.878463
683500	1.2974088e-06	-58.869232
684000	1.3001793e-06	-58.859968
684500	1.3029654e-06	-58.850671
685000	1.3057674e-06	-58.841342
685500	1.3085852e-06	-58.83198
686000	1.3114191e-06	-58.822585
686500	1.3142691e-06	-58.813157
687000	1.3171353e-06	-58.803696
687500	1.3200178e-06	-58.794202
688000	1.3229167e-06	-58.784675
688500	1.3258321e-06	-58.775115
689000	1.3287642e-06	-58.765521
689500	1.331713e-06	-58.755894
690000	1.3346787e-06	-58.746233
690500	1.3376613e-06	-58.736539
691000	1.3406609e-06	-58.726811
691500	1.3436777e-06	-58.717049
692000	1.3467118e-06	-58.707253
692500	1.3497633e-06	-58.697424
693000	1.3528323e-06	-58.68756
693500	1.3559189e-06	-58.677663
694000	1.3590232e-06	-58.667731
694500	1.3621454e-06	-58.657765
695000	1.3652855e-06	-58.647765
695500	1.3684438e-06	-58.63773
696000	1.3716202e-06	-58.627661
696500	1.374815e-06	-58.617558
697000	1.3780281e-06	-58.607419
697500	1.3812599e-06	-58.597246
698000	1.3845104e-06	-58.587038
698500	1.3877796e-06	-58.576795
699000	1.3910678e-06	-58.566517
699500	1.3943751e-06	-58.556204
700000	1.3977016e-06	-58.545855
700500	1.4010474e-06	-58.535472
701000	1.4044126e-06	-58.525053
701500	1.4077974e-06	-58.514598
702000	1.411202e-06	-58.504108
702500	1.4146264e-06	-58.493583
703000	1.4180707e-06	-58.483021
703500	1.4215352e-06	-58.472424
704000	1.42502e-06	-58.46179
704500	1.4285252e-06	-58.451121
705000	1.4320509e-06	-58.440416
705500	1.4355973e-06	-58.429674
706000	1.4391645e-06	-58.418896
706500	1.4427527e-06	-58.408081
707000	1.4463619e-06	-58.39723
707500	1.4499925e-06	-58.386342
708000	1.4536444e-06	-58.375418
708500	1.457318e-06	-58.364457
709000	1.4610132e-06	-58.353459
709500	1.4647303e-06	-58.342423
710000	1.4684694e-06	-58.331351
710500	1.4722306e-06	-58.320242
711000	1.4760142e-06	-58.309095
711500	1.4798203e-06	-58.29791
712000	1.483649e-06	-58.286688
712500	1.4875005e-06	-58.275429
713000	1.491375e-06	-58.264131
713500	1.4952726e-06	-58.252796
714000	1.4991935e-06	-58.241423
714500	1.5031379e-06	-58.230012
715000	1.5071059e-06	-58.218562
715500	1.5110977e-06	-58.207074
716000	1.5151135e-06	-58.195548
716500	1.5191535e-06	-58.183984
717000	1.5232177e-06	-58.17238
717500	1.5273065e-06	-58.160738
718000	1.5314199e-06	-58.149057
718500	1.5355582e-06	-58.137337
719000	1.5397216e-06	-58.125578
719500	1.5439101e-06	-58.11378
720000	1.5481241e-06	-58.101942
720500	1.5523637e-06	-58.090065
721000	1.556629e-06	-58.078149
721500	1.5609204e-06	-58.066192
722000	1.5652379e-06	-58.054196
722500	1.5695818e-06	-58.04216
723000	1.5739523e-06	-58.030084
723500	1.5783495e-06	-58.017968
724000	1.5827737e-06	-58.005812
724500	1.587225e-06	-57.993615
725000	1.5917037e-06	-57.981378
725500	1.59621e-06	-57.9691
726000	1.6007441e-06	-57.956781
726500	1.6053062e-06	-57.944421
727000	1.6098965e-06	-57.93202
727500	1.6145153e-06	-57.919578
728000	1.6191626e-06	-57.907095
728500	1.6238389e-06	-57.894571
729000	1.6285442e-06	-57.882005
729500	1.6332788e-06	-57.869397
730000	1.638043e-06	-57.856747
730500	1.6428369e-06	-57.844055
731000	1.6476608e-06	-57.831322
731500	1.652515e-06	-57.818546
732000	1.6573996e-06	-57.805728
732500	1.6623149e-06	-57.792867
733000	1.6672612e-06	-57.779964
733500	1.6722386e-06	-57.767017
734000	1.6772475e-06	-57.754028
734500	1.6822881e-06	-57.740996
735000	1.6873605e-06	-57.727921
735500	1.6924652e-06	-57.714803
736000	1.6976023e-06	-57.70164
736500	1.7027721e-06	-57.688435
737000	1.7079748e-06	-57.675185
737500	1.7132108e-06	-57.661892
738000	1.7184803e-06	-57.648555
738500	1.7237835e-06	-57.635173
739000	1.7291207e-06	-57.621747
739500	1.7344922e-06	-57.608276
740000	1.7398983e-06	-57.594761
740500	1.7453393e-06	-57.581201
741000	1.7508154e-06	-57.567596
741500	1.7563269e-06	-57.553946
742000	1.7618742e-06	-57.540251
742500	1.7674575e-06	-57.52651
743000	1.773077e-06	-57.512724
743500	1.7787332e-06	-57.498892
744000	1.7844263e-06	-57.485014
744500	1.7901566e-06	-57.47109
745000	1.7959244e-06	-57.457119
745500	1.8017301e-06	-57.443103
746000	1.8075739e-06	-57.429039
746500	1.8134561e-06	-57.414929
747000	1.8193772e-06	-57.400773
747500	1.8253374e-06	-57.386569
748000	1.831337e-06	-57.372317
748500	1.8373764e-06	-57.358019
749000	1.8434559e-06	-57.343673
749500	1.8495758e-06	-57.329279
750000	1.8557366e-06	-57.314837
750500	1.8619385e-06	-57.300347
751000	1.8681819e-06	-57.285808
751500	1.8744671e-06	-57.271222
752000	1.8807946e-06	-57.256586
752500	1.8871646e-06	-57.241902
753000	1.8935776e-06	-57.227169
753500	1.9000339e-06	-57.212387
754000	1.9065339e-06	-57.197555
754500	1.9130779e-06	-57.182673
755000	1.9196664e-06	-57.167742
755500	1.9262997e-06	-57.152761
756000	1.9329783e-06	-57.13773
756500	1.9397025e-06	-57.122649
757000	1.9464727e-06	-57.107517
757500	1.9532894e-06	-57.092334
758000	1.9601529e-06	-57.077101
758500	1.9670636e-06	-57.061816
759000	1.9740221e-06	-57.04648
759500	1.9810287e-06	-57.031092
760000	1.9880838e-06	-57.015653
760500	1.9951878e-06	-57.000162
761000	2.0023413e-06	-56.984619
761500	2.0095447e-06	-56.969023
762000	2.0167983e-06	-56.953375
762500	2.0241028e-06	-56.937674
763000	2.0314584e-06	-56.921921
763500	2.0388657e-06	-56.906114
764000	2.0463252e-06	-56.890253
764500	2.0538374e-06	-56.874339
765000	2.0614026e-06	-56.858372
765500	2.0690215e-06	-56.84235
766000	2.0766945e-06	-56.826274
766500	2.0844221e-06	-56.810143
767000	2.0922048e-06	-56.793958
767500	2.1000431e-06	-56.777718
768000	2.1079376e-06	-56.761423
768500	2.1158887e-06	-56.745072
769000	2.123897e-06	-56.728665
769500	2.1319631e-06	-56.712203
770000	2.1400874e-06	-56.695685
770500	2.1482706e-06	-56.67911
771000	2.1565131e-06	-56.662479
771500	2.1648156e-06	-56.645791
772000	2.1731786e-06	-56.629046
772500	2.1816027e-06	-56.612243
773000	2.1900885e-06	-56.595383
773500	2.1986366e-06	-56.578465
774000	2.2072475e-06	-56.56149
774500	2.215922e-06	-56.544455
775000	2.2246605e-06	-56.527363
775500	2.2334637e-06	-56.510211
776000	2.2423323e-06	-56.493
776500	2.2512668e-06	-56.47573
777000	2.260268e-06	-56.458401
777500	2.2693364e-06	-56.441011
778000	2.2784728e-06	-56.423561
778500	2.2876779e-06	-56.406051
779000	2.2969522e-06	-56.388481
779500	2.3062964e-06	-56.370849
780000	2.3157114e-06	-56.353156
780500	2.3251977e-06	-56.335401
781000	2.3347561e-06	-56.317585
781500	2.3443873e-06	-56.299706
782000	2.3540921e-06	-56.281765
782500	2.3638712e-06	-56.263762
783000	2.3737253e-06	-56.245695
783500	2.3836552e-06	-56.227566
784000	2.3936617e-06	-56.209372
784500	2.4037455e-06	-56.191115
785000	2.4139075e-06	-56.172794
785500	2.4241484e-06	-56.154408
786000	2.434469e-06	-56.135957
786500	2.4448703e-06	-56.117442
787000	2.455353e-06	-56.098861
787500	2.4659179e-06	-56.080214
788000	2.4765659e-06	-56.061501
788500	2.4872979e-06	-56.042722
789000	2.4981148e-06	-56.023876
789500	2.5090174e-06	-56.004963
790000	2.5200067e-06	-55.985983
790500	2.5310836e-06	-55.966935
791000	2.5422489e-06	-55.947819
791500	2.5535037e-06	-55.928635
792000	2.5648489e-06	-55.909382
792500	2.5762854e-06	-55.89006
793000	2.5878143e-06	-55.870669
793500	2.5994364e-06	-55.851208
794000	2.611153e-06	-55.831677
794500	2.6229648e-06	-55.812075
795000	2.6348731e-06	-55.792403
795500	2.6468788e-06	-55.772659
796000	2.658983e-06	-55.752844
796500	2.6711868e-06	-55.732957
797000	2.6834912e-06	-55.712998
797500	2.6958975e-06	-55.692966
798000	2.7084066e-06	-55.672861
798500	2.7210198e-06	-55.652683
799000	2.7337381e-06	-55.632431
799500	2.7465629e-06	-55.612105
800000	2.7594952e-06	-55.591704
800500	2.7725363e-06	-55.571228
801000	2.7856874e-06	-55.550676
801500	2.7989497e-06	-55.530049
802000	2.8123245e-06	-55.509346
802500	2.8258131e-06	-55.488566
803000	2.8394167e-06	-55.467709
803500	2.8531368e-06	-55.446774
804000	2.8669745e-06	-55.425762
804500	2.8809313e-06	-55.404671
805000	2.8950086e-06	-55.383501
805500	2.9092078e-06	-55.362253
806000	2.9235301e-06	-55.340924
806500	2.9379772e-06	-55.319516
807000	2.9525505e-06	-55.298027
807500	2.9672513e-06	-55.276457
808000	2.9820813e-06	-55.254805
808500	2.997042e-06	-55.233072
809000	3.0121349e-06	-55.211256
809500	3.0273615e-06	-55.189357
810000	3.0427235e-06	-55.167375
810500	3.0582226e-06	-55.145309
811000	3.0738602e-06	-55.123159
811500	3.0896382e-06	-55.100924
812000	3.1055581e-06	-55.078603
812500	3.1216218e-06	-55.056197
813000	3.137831e-06	-55.033704
813500	3.1541874e-06	-55.011125
814000	3.1706929e-06	-54.988458
814500	3.1873493e-06	-54.965703
815000	3.2041584e-06	-54.94286
815500	3.2211221e-06	-54.919928
816000	3.2382424e-06	-54.896906
816500	3.2555212e-06	-54.873795
817000	3.2729605e-06	-54.850592
817500	3.2905623e-06	-54.827299
818000	3.3083286e-06	-54.803914
818500	3.3262616e-06	-54.780436
819000	3.3443633e-06	-54.756865
819500	3.3626359e-06	-54.733202
820000	3.3810816e-06	-54.709443
820500	3.3997025e-06	-54.685591
821000	3.418501e-06	-54.661643
821500	3.4374794e-06	-54.637599
822000	3.4566398e-06	-54.613459
822500	3.4759849e-06	-54.589221
823000	3.4955168e-06	-54.564886
823500	3.5152382e-06	-54.540452
824000	3.5351514e-06	-54.51592
824500	3.555259e-06	-54.491288
825000	3.5755636e-06	-54.466555
825500	3.5960678e-06	-54.441721
826000	3.6167742e-06	-54.416786
826500	3.6376856e-06	-54.391748
827000	3.6588047e-06	-54.366608
827500	3.6801344e-06	-54.341363
828000	3.7016774e-06	-54.316014
828500	3.7234367e-06	-54.29056
829000	3.7454152e-06	-54.265
829500	3.7676159e-06	-54.239334
830000	3.7900419e-06	-54.21356
830500	3.8126963e-06	-54.187678
831000	3.8355822e-06	-54.161687
831500	3.8587028e-06	-54.135587
832000	3.8820616e-06	-54.109376
832500	3.9056617e-06	-54.083054
833000	3.9295065e-06	-54.05662
833500	3.9535996e-06	-54.030073
834000	3.9779444e-06	-54.003413
834500	4.0025446e-06	-53.976638
835000	4.0274037e-06	-53.949748
835500	4.0525256e-06	-53.922742
836000	4.0779139e-06	-53.89562
836500	4.1035725e-06	-53.868379
837000	4.1295054e-06	-53.84102
837500	4.1557165e-06	-53.813541
838000	4.18221e-06	-53.785942
838500	4.2089899e-06	-53.758221
839000	4.2360606e-06	-53.730378
839500	4.2634262e-06	-53.702412
840000	4.2910913e-06	-53.674322
840500	4.3190602e-06	-53.646107
841000	4.3473376e-06	-53.617766
841500	4.3759281e-06	-53.589298
842000	4.4048364e-06	-53.560702
842500	4.4340673e-06	-53.531977
843000	4.4636258e-06	-53.503122
843500	4.4935169e-06	-53.474136
844000	4.5237458e-06	-53.445018
844500	4.5543175e-06	-53.415767
845000	4.5852376e-06	-53.386382
845500	4.6165113e-06	-53.356861
846000	4.6481443e-06	-53.327204
846500	4.6801421e-06	-53.29741
847000	4.7125106e-06	-53.267477
847500	4.7452556e-06	-53.237404
848000	4.7783832e-06	-53.20719
848500	4.8118994e-06	-53.176835
849000	4.8458105e-06	-53.146336
849500	4.8801229e-06	-53.115692
850000	4.9148431e-06	-53.084903
850500	4.9499778e-06	-53.053968
851000	4.9855337e-06	-53.022883
851500	5.0215178e-06	-52.99165
852000	5.0579371e-06	-52.960266
852500	5.0947989e-06	-52.92873
853000	5.1321105e-06	-52.89704
853500	5.1698796e-06	-52.865196
854000	5.2081138e-06	-52.833195
854500	5.2468209e-06	-52.801038
855000	5.2860091e-06	-52.768721
855500	5.3256864e-06	-52.736244
856000	5.3658615e-06	-52.703605
856500	5.4065427e-06	-52.670804
857000	5.4477389e-06	-52.637837
857500	5.4894591e-06	-52.604704
858000	5.5317124e-06	-52.571404
858500	5.5745082e-06	-52.537934
859000	5.6178561e-06	-52.504294
859500	5.6617659e-06	-52.470481
860000	5.7062477e-06	-52.436494
860500	5.7513116e-06	-52.402331
861000	5.7969682e-06	-52.367991
861500	5.8432283e-06	-52.333471
862000	5.8901028e-06	-52.298771
862500	5.937603e-06	-52.263888
863000	5.9857404e-06	-52.228821
863500	6.0345268e-06	-52.193568
864000	6.0839743e-06	-52.158126
864500	6.1340952e-06	-52.122495
865000	6.1849022e-06	-52.086672
865500	6.2364082e-06	-52.050655
866000	6.2886265e-06	-52.014442
866500	6.3415708e-06	-51.978032
867000	6.3952549e-06	-51.941421
867500	6.4496932e-06	-51.904609
868000	6.5049003e-06	-51.867594
868500	6.5608912e-06	-51.830372
869000	6.6176813e-06	-51.792942
869500	6.6752864e-06	-51.755301
870000	6.7337225e-06	-51.717448
870500	6.7930064e-06	-51.67938
871000	6.853155e-06	-51.641094
871500	6.9141858e-06	-51.60259
872000	6.9761167e-06	-51.563863
872500	7.0389661e-06	-51.524911
873000	7.1027528e-06	-51.485733
873500	7.1674962e-06	-51.446325
874000	7.2332162e-06	-51.406686
874500	7.2999332e-06	-51.366811
875000	7.367668e-06	-51.326699
875500	7.4364424e-06	-51.286348
876000	7.5062783e-06	-51.245753
876500	7.5771986e-06	-51.204913
877000	7.6492265e-06	-51.163825
877500	7.722386e-06	-51.122485
878000	7.7967019e-06	-51.080891
878500	7.8721994e-06	-51.039039
879000	7.9489047e-06	-50.996927
879500	8.0268446e-06	-50.954551
880000	8.1060466e-06	-50.911909
880500	8.1865393e-06	-50.868997
881000	8.2683516e-06	-50.825811
881500	8.3515139e-06	-50.782348
882000	8.4360569e-06	-50.738605
882500	8.5220125e-06	-50.694578
883000	8.6094137e-06	-50.650264
883500	8.6982941e-06	-50.605659
884000	8.7886886e-06	-50.560759
884500	8.880633e-06	-50.515561
885000	8.9741644e-06	-50.47006
885500	9.0693209e-06	-50.424252
886000	9.1661417e-06	-50.378134
886500	9.2646674e-06	-50.331702
887000	9.3649398e-06	-50.28495
887500	9.467002e-06	-50.237875
888000	9.5708986e-06	-50.190473
888500	9.6766753e-06	-50.142738
889000	9.7843797e-06	-50.094667
889500	9.8940608e-06	-50.046254
890000	1.0005769e-05	-49.997495
890500	1.0119557e-05	-49.948385
891000	1.0235478e-05	-49.898919
891500	1.0353588e-05	-49.849091
892000	1.0473945e-05	-49.798897
892500	1.0596609e-05	-49.748331
893000	1.0721641e-05	-49.697387
893500	1.0849105e-05	-49.646061
894000	1.0979067e-05	-49.594346
894500	1.1111595e-05	-49.542236
895000	1.1246761e-05	-49.489725
895500	1.1384637e-05	-49.436808
896000	1.15253e-05	-49.383478
896500	1.1668827e-05	-49.329728
897000	1.1815302e-05	-49.275552
897500	1.1964808e-05	-49.220943
898000	1.2117433e-05	-49.165894
898500	1.2273268e-05	-49.110398
899000	1.2432407e-05	-49.054448
899500	1.2594949e-05	-48.998036
900000	1.2760996e-05	-48.941154
900500	1.2930652e-05	-48.883796
901000	1.3104028e-05	-48.825952
901500	1.3281238e-05	-48.767614
902000	1.3462401e-05	-48.708775
902500	1.364764e-05	-48.649425
903000	1.3837083e-05	-48.589554
903500	1.4030865e-05	-48.529155
904000	1.4229125e-05	-48.468218
904500	1.4432007e-05	-48.406733
905000	1.4639663e-05	-48.344689
905500	1.485225e-05	-48.282077
906000	1.5069932e-05	-48.218887
906500	1.5292881e-05	-48.155107
907000	1.5521275e-05	-48.090726
907500	1.57553e-05	-48.025733
908000	1.5995152e-05	-47.960116
908500	1.6241034e-05	-47.893863
909000	1.6493159e-05	-47.826961
909500	1.6751749e-05	-47.759398
910000	1.7017038e-05	-47.69116
910500	1.7289268e-05	-47.622234
911000	1.7568694e-05	-47.552605
911500	1.7855585e-05	-47.482259
912000	1.8150219e-05	-47.411181
912500	1.8452891e-05	-47.339356
913000	1.8763908e-05	-47.266767
913500	1.9083595e-05	-47.193398
914000	1.9412289e-05	-47.119232
914500	1.975035e-05	-47.044252
915000	2.009815e-05	-46.968439
915500	2.0456085e-05	-46.891775
916000	2.0824571e-05	-46.814239
916500	2.1204044e-05	-46.735813
917000	2.1594966e-05	-46.656475
917500	2.1997821e-05	-46.576203
918000	2.2413123e-05	-46.494976
918500	2.2841413e-05	-46.41277
919000	2.3283262e-05	-46.329562
919500	2.3739274e-05	-46.245326
920000	2.4210088e-05	-46.160036
920500	2.469638e-05	-46.073667
921000	2.5198867e-05	-45.98619
921500	2.5718308e-05	-45.897576
922000	2.6255508e-05	-45.807796
922500	2.6811323e-05	-45.716818
923000	2.7386659e-05	-45.624609
923500	2.7982484e-05	-45.531137
924000	2.8599825e-05	-45.436366
924500	2.9239776e-05	-45.34026
925000	2.9903503e-05	-45.242779
925500	3.0592252e-05	-45.143886
926000	3.130735e-05	-45.043537
926500	3.2050219e-05	-44.94169
927000	3.2822378e-05	-44.8383
927500	3.3625455e-05	-44.733318
928000	3.4461194e-05	-44.626697
928500	3.5331467e-05	-44.518383
929000	3.6238285e-05	-44.408324
929500	3.7183813e-05	-44.296461
930000	3.8170379e-05	-44.182735
930500	3.9200494e-05	-44.067085
931000	4.0276869e-05	-43.949443
931500	4.1402432e-05	-43.829741
932000	4.2580353e-05	-43.707907
932500	4.3814067e-05	-43.583864
933000	4.5107299e-05	-43.457532
933500	4.64641e-05	-43.328825
934000	4.7888876e-05	-43.197654
934500	4.9386431e-05	-43.063924
935000	5.0962009e-05	-42.927535
935500	5.2621343e-05	-42.788381
936000	5.4370716e-05	-42.646349
936500	5.6217021e-05	-42.501322
937000	5.8167836e-05	-42.353171
937500	6.0231508e-05	-42.201763
938000	6.2417252e-05	-42.046954
938500	6.473526e-05	-41.888591
939000	6.7196828e-05	-41.726512
939500	6.981451e-05	-41.560543
940000	7.2602284e-05	-41.390497
940500	7.5575757e-05	-41.216175
941000	7.87524e-05	-41.037362
941500	8.2151824e-05	-40.853828
942000	8.5796104e-05	-40.665324
942500	8.9710163e-05	-40.471584
943000	9.3922232e-05	-40.272316
943500	9.8464395e-05	-40.067208
944000	0.00010337324	-39.855919
944500	0.00010869065	-39.638078
945000	0.00011446475	-39.413282
945500	0.00012075108	-39.18109
946000	0.00012761402	-38.941016
946500	0.00013512853	-38.692529
947000	0.00014338235	-38.435043
947500	0.00015247869	-38.167909
948000	0.00016253969	-37.890406
948500	0.00017371077	-37.601733
949000	0.00018616617	-37.300992
949500	0.0002001162	-36.987178
950000	0.00021581657	-36.659152
950500	0.00023358089	-36.315627
951000	0.00025379712	-35.955133
951500	0.00027695008	-35.575985
952000	0.00030365209	-35.176237
952500	0.0003346858	-34.753627
953000	0.00037106483	-34.305502
953500	0.0004141213	-33.828724
954000	0.00046563492	-33.319545
954500	0.00052802793	-32.773431
955000	0.00060466742	-32.184834
955500	0.00070034898	-31.546855
956000	0.00082209825	-30.850763
956500	0.0009805557	-30.085277
957000	0.0011924902	-29.235452
957500	0.0014856422	-28.280858
958000	0.0019087689	-27.192467
958500	0.0025545374	-25.926877
959000	0.0036186197	-24.414571
959500	0.0055813956	-22.532572
960000	0.0099386378	-20.026731
960500	0.02398196	-16.201153
961000	0.19377059	-7.1271213
961500	0.021363122	-16.703353
962000	0.079189545	-11.013322
962500	0.098053258	-10.08538
963000	0.018489362	-17.330781
963500	0.0080850386	-20.923179
964000	0.0045761995	-23.39495
964500	0.0029469374	-25.306291
965000	0.0020528111	-26.87651
965500	0.0015081422	-28.215577
966000	0.0011515862	-29.387035
966500	0.00090549187	-30.431154
967000	0.00072858986	-31.375169
967500	0.00059725365	-32.238412
968000	0.00049714914	-33.035133
968500	0.00041916456	-33.776154
969000	0.00035728105	-34.4699
969500	0.00030739269	-35.123065
970000	0.00026662071	-35.741061
970500	0.00023289841	-36.328335
971000	0.00020471121	-36.888584
971500	0.00018092884	-37.424922
972000	0.00016069419	-37.939998
972500	0.00014334785	-38.436088
973000	0.00012837593	-38.915164
973500	0.00011537329	-39.378947
974000	0.00010401707	-39.828954
974500	9.4047513e-05	-40.266527
975000	8.5253776e-05	-40.692864
975500	7.7463307e-05	-41.10904
976000	7.0533832e-05	-41.516025
976500	6.4347226e-05	-41.914702
977000	5.8804782e-05	-42.305874
977500	5.3823518e-05	-42.690279
978000	4.9333284e-05	-43.0686
978500	4.5274466e-05	-43.441467
979000	4.1596156e-05	-43.809468
979500	3.825468e-05	-44.173154
980000	3.521241e-05	-44.533043
980500	3.2436792e-05	-44.889621
981000	2.989956e-05	-45.243352
981500	2.7576077e-05	-45.594675
982000	2.5444799e-05	-45.94401
982500	2.3486826e-05	-46.291757
983000	2.168553e-05	-46.6383
983500	2.0026234e-05	-46.984007
984000	1.8495957e-05	-47.329232
984500	1.708318e-05	-47.674313
985000	1.5777665e-05	-48.019573
985500	1.4570287e-05	-48.365319
986000	1.3452899e-05	-48.711841
986500	1.2418212e-05	-49.059409
987000	1.1459695e-05	-49.40827
987500	1.0571482e-05	-49.758641
988000	9.7483029e-06	-50.11071
988500	8.9854114e-06	-50.46462
989000	8.2785311e-06	-50.820467
989500	7.6238043e-06	-51.178283
990000	7.0177484e-06	-51.538022
990500	6.4572179e-06	-51.899546
991000	5.939371e-06	-52.262595
991500	5.4616399e-06	-52.626769
992000	5.0217055e-06	-52.991488
992500	4.6174741e-06	-53.355955
993000	4.2470583e-06	-53.719118
993500	3.9087585e-06	-54.079612
994000	3.6010483e-06	-54.43571
994500	3.3225604e-06	-54.785271
995000	3.0720748e-06	-55.125682
995500	2.8485086e-06	-55.453825
996000	2.6509066e-06	-55.766056
996500	2.4784335e-06	-56.058227
997000	2.3303674e-06	-56.325756
997500	2.2060935e-06	-56.563761
998000	2.1050996e-06	-56.767274
998500	2.0269719e-06	-56.931523
999000	1.9713919e-06	-57.05227
999500	1.9381337e-06	-57.126163
