0	2.8104402e-34	-335.51226
1000	3.2629422e-32	-314.86391
2000	6.5638257e-32	-311.82843
3000	5.0649996e-32	-312.95421
4000	4.1302303e-32	-313.84026
5000	3.5110861e-32	-314.54559
6000	5.2158597e-32	-312.82674
7000	5.563156e-32	-312.54679
8000	3.758846e-32	-314.24945
9000	4.7106888e-32	-313.26916
10000	3.9012383e-32	-314.08798
11000	7.0925203e-32	-311.49199
12000	4.5423025e-32	-313.42724
13000	5.6160986e-32	-312.50565
14000	6.5588152e-32	-311.83175
15000	9.0033402e-32	-310.45596
16000	9.0039606e-32	-310.45566
17000	1.4956242e-31	-308.25178
18000	1.5844545e-31	-308.0012
19000	2.74169e-31	-305.61982
20000	0.25	-6.0205999
21000	0.25	-6.0205999
22000	2.8609492e-30	-295.4349
23000	5.5150531e-31	-302.5845
24000	2.514912e-31	-305.99477
25000	1.34197e-31	-308.72257
26000	8.4173756e-32	-310.74823
27000	6.0382427e-32	-312.19089
28000	4.4453345e-32	-313.52096
29000	3.2530846e-32	-314.87705
30000	2.1512194e-32	-316.67315
31000	1.793318e-32	-317.46343
32000	1.7947275e-32	-317.46001
33000	1.3516625e-32	-318.69132
34000	7.0032998e-33	-321.54697
35000	6.4756323e-33	-321.88718
36000	7.1781812e-33	-321.43986
37000	8.1367935e-33	-320.89547
38000	2.2628788e-33	-326.45339
39000	1.313953e-32	-318.8142
40000	7.3080607e-33	-321.36198
41000	9.4698514e-33	-320.23657
42000	1.5947974e-32	-317.97294
43000	2.6226766e-32	-315.81255
44000	2.2765532e-32	-316.42722
45000	6.4377481e-34	-331.91266
46000	1.2254758e-32	-319.11695
47000	3.0324745e-33	-325.18203
48000	2.1749531e-33	-326.6255
49000	3.2872669e-33	-324.83165
50000	1.2226011e-33	-329.12715
51000	3.6898983e-33	-324.32986
52000	1.2582083e-33	-329.00247
53000	5.9094531e-34	-332.28453
54000	1.3386302e-33	-328.73339
55000	8.7233841e-34	-330.59315
56000	1.155636e-33	-329.37179
57000	3.0061886e-33	-325.21984
58000	4.1988525e-35	-343.76869
59000	1.4627227e-33	-328.34838
60000	7.4908853e-34	-331.25467
61000	4.9267081e-33	-323.07443
62000	3.8325594e-33	-324.16511
63000	8.1130972e-33	-320.90813
64000	5.2788027e-33	-322.77465
65000	2.1692065e-32	-316.63699
66000	4.2964666e-33	-323.66889
67000	5.096602e-33	-322.92719
68000	2.6976323e-33	-325.69017
69000	6.2066216e-34	-332.07145
70000	4.0409641e-34	-333.93515
71000	1.9754155e-33	-327.04342
72000	1.4743521e-33	-328.31399
73000	6.6063046e-34	-331.80041
74000	8.0631814e-35	-340.93494
75000	2.0292243e-33	-326.9267
76000	7.4412646e-33	-321.28353
77000	1.4335713e-33	-328.43581
78000	2.6959326e-33	-325.69291
79000	1.883235e-32	-317.25095
80000	3.8064501e-32	-314.1948
81000	6.8822244e-32	-311.62271
82000	4.9358355e-32	-313.06639
83000	4.7903025e-32	-313.19637
84000	1.3182804e-32	-318.79992
85000	6.5429739e-33	-321.84225
86000	4.8732454e-33	-323.12182
87000	1.3879617e-33	-328.57623
88000	1.3338364e-33	-328.74897
89000	2.1898187e-35	-346.59592
90000	8.2819399e-34	-330.81868
91000	1.2171321e-33	-329.14662
92000	6.9716957e-34	-331.56662
93000	3.4698821e-34	-334.59685
94000	1.0773752e-33	-329.67633
95000	3.5651558e-35	-344.47921
96000	1.9812039e-33	-327.03071
97000	1.8015954e-34	-337.44343
98000	1.5023022e-33	-328.23243
99000	1.0335585e-33	-329.85665
100000	1.6588552e-33	-327.80192
101000	2.3412293e-35	-346.30556
102000	6.0291073e-34	-332.19747
103000	9.1556542e-34	-330.38311
104000	9.7744191e-34	-330.09909
105000	4.9389168e-33	-323.06368
106000	2.5843899e-33	-325.87642
107000	9.6393683e-33	-320.15951
108000	2.2576658e-33	-326.4634
109000	4.6331957e-34	-333.34119
110000	6.2152587e-34	-332.06541
111000	1.3654567e-33	-328.64722
112000	4.6290605e-33	-323.34507
113000	5.9279898e-34	-332.27093
114000	5.8679974e-34	-332.3151
115000	1.8860853e-33	-327.24439
116000	5.4958406e-33	-322.59966
117000	1.5542566e-33	-328.08477
118000	1.0866079e-33	-329.63927
119000	1.2924706e-32	-318.88579
120000	3.2493627e-32	-314.88202
121000	5.7416629e-32	-312.40962
122000	4.5615612e-32	-313.40886
123000	5.4733849e-32	-312.61744
124000	9.1220602e-33	-320.39907
125000	1.4190519e-32	-318.48002
126000	1.2121817e-33	-329.16432
127000	5.1648534e-33	-322.86942
128000	3.2143933e-33	-324.92901
129000	2.7044704e-33	-325.67918
130000	1.3918636e-33	-328.56403
131000	8.3908274e-34	-330.76195
132000	3.5909022e-34	-334.44796
133000	2.3982637e-33	-326.20103
134000	7.927958e-34	-331.00839
135000	1.3722115e-33	-328.62579
136000	3.4538169e-34	-334.61701
137000	1.1726567e-33	-329.30829
138000	3.4725519e-33	-324.59351
139000	1.4967844e-33	-328.24841
140000	1.1244986e-33	-329.49041
141000	6.4816925e-34	-331.88312
142000	6.1373678e-34	-332.12018
143000	8.8714027e-34	-330.52008
144000	1.5102621e-33	-328.20948
145000	9.8209106e-35	-340.07848
146000	2.7932788e-34	-335.53886
147000	3.7724384e-34	-334.23378
148000	2.1790513e-33	-326.61733
149000	2.1295624e-34	-336.7171
150000	1.8139829e-33	-327.41367
151000	5.0106758e-33	-323.00104
152000	3.5060338e-35	-344.55184
153000	1.1165197e-33	-329.52134
154000	4.7095537e-33	-323.2702
155000	9.3486952e-35	-340.29249
156000	2.1723921e-34	-336.63062
157000	7.3525024e-34	-331.33565
158000	1.7626559e-34	-337.53832
159000	3.9475333e-34	-334.03674
160000	1.5215631e-34	-338.1771
161000	1.1298613e-33	-329.46975
162000	2.3873572e-34	-336.22083
163000	7.7825193e-34	-331.0888
164000	5.574944e-33	-322.53759
165000	3.4625391e-33	-324.60605
166000	1.2716522e-33	-328.95632
167000	2.560219e-33	-325.91723
168000	3.3416544e-33	-324.76038
169000	1.6470677e-33	-327.83289
170000	7.5840041e-34	-331.20101
171000	1.585306e-33	-327.99887
172000	1.3694651e-33	-328.63449
173000	1.4004913e-34	-338.5372
174000	1.6621575e-33	-327.79328
175000	1.0044246e-33	-329.98083
176000	6.8937798e-34	-331.61543
177000	3.8436281e-33	-324.15259
178000	4.8608667e-34	-333.13286
179000	5.1980523e-33	-322.84159
180000	7.7342102e-33	-321.11584
181000	2.3312015e-33	-326.3242
182000	7.6130993e-33	-321.18439
183000	4.0426607e-32	-313.93333
184000	2.1984895e-32	-316.57876
185000	5.6280599e-33	-322.49641
186000	3.9316437e-34	-334.05426
187000	3.6074941e-34	-334.42794
188000	2.6922914e-33	-325.69878
189000	1.3857784e-33	-328.58306
190000	1.8457394e-33	-327.3383
191000	4.3717112e-34	-333.59349
192000	4.8615115e-34	-333.13229
193000	8.2878687e-34	-330.81557
194000	3.4140195e-34	-334.66734
195000	1.8514687e-33	-327.32484
196000	1.235632e-34	-339.08111
197000	3.5359998e-33	-324.51488
198000	9.6615138e-34	-330.14955
199000	1.5730711e-33	-328.03252
200000	2.1135866e-34	-336.7498
201000	1.0855349e-33	-329.64356
202000	9.5919218e-35	-340.18094
203000	1.4715834e-34	-338.32215
204000	1.2713741e-34	-338.95727
205000	1.9729494e-34	-337.04884
206000	4.2394775e-34	-333.72688
207000	2.3592542e-33	-326.27225
208000	3.1208548e-33	-325.05726
209000	1.5452439e-34	-338.11003
210000	3.9469556e-34	-334.03738
211000	5.9014228e-34	-332.29043
212000	8.7916408e-34	-330.5593
213000	4.8866769e-34	-333.10986
214000	1.5671958e-33	-328.04877
215000	4.2977703e-35	-343.66757
216000	7.0433129e-34	-331.52223
217000	6.4884123e-34	-331.87862
218000	3.2883814e-33	-324.83018
219000	7.1984836e-33	-321.42759
220000	4.3790488e-34	-333.5862
221000	1.0447187e-32	-319.81001
222000	1.019257e-32	-319.91716
223000	3.9455365e-32	-314.03894
224000	1.6889106e-32	-317.72393
225000	1.8429602e-32	-317.34484
226000	9.8303546e-33	-320.07431
227000	1.151427e-32	-319.38764
228000	5.9190445e-34	-332.27748
229000	1.0319323e-33	-329.86349
230000	2.7240074e-34	-335.64792
231000	5.1293687e-34	-332.89936
232000	8.680141e-36	-350.61473
233000	8.1342464e-34	-330.89683
234000	2.8182899e-34	-335.50014
235000	2.3678725e-34	-336.25642
236000	1.2770603e-33	-328.93789
237000	1.786032e-33	-327.48111
238000	1.4270347e-33	-328.45565
239000	1.892887e-33	-327.22875
240000	8.1724297e-33	-320.87649
241000	1.5731732e-33	-328.03223
242000	1.6145713e-33	-327.91943
243000	1.9568163e-33	-327.0845
244000	1.1514567e-36	-359.38752
245000	2.0306644e-34	-336.92362
246000	1.4033004e-34	-338.52849
247000	4.5696934e-34	-333.40113
248000	1.2113139e-34	-339.16743
249000	2.3713424e-34	-336.25006
250000	4.1198338e-34	-333.8512
251000	3.9151236e-34	-334.07255
252000	5.4588901e-34	-332.62896
253000	1.0520106e-33	-329.7798
254000	1.1419605e-35	-349.42349
255000	5.5610358e-34	-332.54844
256000	9.7226933e-36	-350.12213
257000	1.450821e-34	-338.38386
258000	8.5466628e-34	-330.68203
259000	3.6120537e-33	-324.42246
260000	2.0729059e-33	-326.8342
261000	9.5509092e-33	-320.19955
262000	1.1599908e-32	-319.35545
263000	1.0715148e-33	-329.70002
264000	2.4154728e-35	-346.16998
265000	6.0428067e-33	-322.18761
266000	2.0029331e-32	-316.98334
267000	6.9917452e-33	-321.55414
268000	2.9052626e-33	-325.36815
269000	1.1304617e-33	-329.46744
270000	4.1340588e-33	-323.83623
271000	4.3747708e-34	-333.59045
272000	1.0206403e-33	-329.91127
273000	1.7652911e-34	-337.53184
274000	2.2506886e-33	-326.47685
275000	3.7055007e-34	-334.31153
276000	3.3750581e-34	-334.71719
277000	2.6235959e-33	-325.81103
278000	2.701221e-33	-325.6844
279000	7.8718003e-34	-331.03926
280000	2.212207e-34	-336.55174
281000	3.765276e-33	-324.24203
282000	2.542379e-33	-325.9476
283000	1.553394e-32	-318.08718
284000	6.1406478e-32	-312.11786
285000	9.2304885e-34	-330.34775
286000	2.6611068e-32	-315.74938
287000	3.0393111e-33	-325.17225
288000	2.7471732e-33	-325.61114
289000	2.2898258e-34	-336.40198
290000	9.103588e-34	-330.40787
291000	1.2025055e-33	-329.19913
292000	1.9325808e-33	-327.13862
293000	2.4868161e-34	-336.04356
294000	6.8116956e-34	-331.66745
295000	3.2621032e-33	-324.86502
296000	4.9944451e-34	-333.01513
297000	4.6199566e-34	-333.35362
298000	1.0636062e-33	-329.73219
299000	4.7714332e-33	-323.21351
300000	1.1738693e-33	-329.3038
301000	1.6022174e-33	-327.95279
302000	4.4424038e-33	-323.52382
303000	8.546068e-33	-320.68234
304000	7.0443441e-32	-311.52159
305000	3.4463536e-31	-304.6264
306000	2.1126213e-31	-306.75178
307000	1.8860318e-33	-327.24451
308000	4.9857494e-32	-313.0227
309000	2.6043297e-33	-325.84304
310000	1.7735878e-32	-317.51147
311000	4.6362572e-33	-323.33832
312000	2.4352113e-32	-316.13463
313000	1.3324997e-33	-328.75333
314000	1.6609707e-32	-317.79638
315000	5.8562159e-34	-332.32383
316000	1.7796195e-32	-317.49673
317000	1.8358847e-33	-327.36155
318000	1.5923444e-32	-317.97963
319000	1.2081657e-33	-329.17874
320000	2.9803273e-32	-315.25736
321000	2.9713196e-34	-335.27051
322000	2.3891686e-32	-316.21753
323000	3.1547075e-33	-325.01041
324000	9.2033111e-32	-310.36056
325000	5.0971954e-33	-322.92669
326000	1.9725141e-31	-307.0498
327000	5.6369208e-32	-312.48958
328000	1.1369355e-31	-309.44264
329000	3.9766355e-32	-314.00484
330000	4.9277078e-33	-323.07355
331000	8.026713e-33	-320.95462
332000	8.1916857e-33	-320.86627
333000	8.4675312e-33	-320.72243
334000	4.5057213e-33	-323.46236
335000	4.9373507e-33	-323.06506
336000	5.7440395e-33	-322.40783
337000	9.7068388e-33	-320.12922
338000	2.9222404e-33	-325.34284
339000	4.7569356e-33	-323.22673
340000	1.4593272e-33	-328.35847
341000	5.8639224e-34	-332.31812
342000	1.409155e-33	-328.51041
343000	1.2084862e-33	-329.17758
344000	6.2858855e-33	-322.01634
345000	3.6011602e-33	-324.43558
346000	6.3851155e-32	-311.94831
347000	2.8687854e-31	-305.42302
348000	1.9717526e-31	-307.05148
349000	2.3747846e-32	-316.24376
350000	2.6709192e-32	-315.73339
351000	2.3737259e-33	-326.24569
352000	2.5144428e-32	-315.99558
353000	4.056416e-33	-323.91858
354000	1.3266691e-32	-318.77237
355000	2.0926456e-33	-326.79304
356000	8.8236647e-33	-320.54351
357000	3.0527468e-33	-325.15309
358000	5.0910346e-33	-322.93194
359000	1.7640675e-33	-327.53485
360000	7.3312108e-33	-321.34824
361000	2.6304816e-33	-325.79965
362000	1.0170852e-32	-319.92643
363000	1.6597961e-33	-327.79945
364000	8.0754435e-33	-320.92834
365000	3.9067355e-33	-324.08186
366000	2.0675611e-32	-316.84542
367000	6.9707078e-32	-311.56723
368000	5.8422612e-32	-312.33419
369000	7.7293731e-32	-311.11856
370000	6.8709055e-32	-311.62986
371000	6.1384466e-33	-322.11942
372000	4.945338e-33	-323.05804
373000	2.5623865e-33	-325.91355
374000	2.9156004e-34	-335.35272
375000	2.5095995e-33	-326.00396
376000	2.0972482e-34	-336.7835
377000	3.3950008e-34	-334.6916
378000	5.6963193e-34	-332.44406
379000	1.8110363e-33	-327.42073
380000	3.2843299e-33	-324.83553
381000	4.5214442e-34	-333.44723
382000	6.6500196e-34	-331.77177
383000	4.1906277e-34	-333.77721
384000	2.5111685e-33	-326.00124
385000	5.3934119e-34	-332.68136
386000	8.5852482e-33	-320.66247
387000	2.475476e-33	-326.06341
388000	2.450265e-33	-326.10787
389000	3.3966477e-33	-324.6895
390000	1.1613728e-32	-319.35028
391000	1.687248e-32	-317.72821
392000	1.7938902e-33	-327.46204
393000	2.2797101e-33	-326.4212
394000	3.3464914e-34	-334.7541
395000	8.8666904e-34	-330.52238
396000	6.2127639e-34	-332.06715
397000	2.2475377e-34	-336.48293
398000	4.5827778e-34	-333.38871
399000	7.3383287e-34	-331.34403
400000	1.0743051e-34	-339.68872
401000	1.2701099e-33	-328.96159
402000	4.3638909e-34	-333.60126
403000	1.1322536e-33	-329.46056
404000	4.2921129e-34	-333.67329
405000	2.3940472e-34	-336.20867
406000	1.4163802e-34	-338.4882
407000	6.0034044e-34	-332.21602
408000	1.4688368e-33	-328.33026
409000	1.237203e-33	-329.07559
410000	3.7440836e-33	-324.26654
411000	7.711505e-33	-321.12861
412000	8.951956e-33	-320.48082
413000	8.8696592e-34	-330.52093
414000	1.9917662e-33	-327.00762
415000	3.5437472e-35	-344.50537
416000	1.5548298e-33	-328.08317
417000	9.972109e-36	-350.01213
418000	2.7861465e-33	-325.54996
419000	3.0894046e-33	-325.10125
420000	4.4096018e-33	-323.55601
421000	7.9165957e-34	-331.01462
422000	1.9274491e-33	-327.15017
423000	3.1450319e-34	-335.02375
424000	5.5790718e-33	-322.53438
425000	2.0370158e-34	-336.91006
426000	1.8747498e-32	-317.27057
427000	4.5941699e-33	-323.37793
428000	1.0923096e-31	-309.61654
429000	2.8425584e-31	-305.46291
430000	1.6198359e-31	-307.90529
431000	9.1114154e-33	-320.40414
432000	2.2174698e-32	-316.54142
433000	6.6345558e-33	-321.78188
434000	1.5986736e-33	-327.9624
435000	1.7848079e-33	-327.48409
436000	1.8707945e-34	-337.27974
437000	1.0589541e-34	-339.75123
438000	4.1886365e-33	-323.77927
439000	1.0830343e-33	-329.65358
440000	4.5535454e-33	-323.4165
441000	5.0754221e-35	-342.94528
442000	4.0631679e-33	-323.91135
443000	8.0456836e-34	-330.94437
444000	1.116129e-33	-329.52286
445000	2.0436674e-33	-326.8959
446000	1.5045661e-33	-328.22589
447000	3.5948593e-34	-334.44318
448000	2.8735794e-33	-325.41577
449000	1.023498e-33	-329.89913
450000	9.5763004e-34	-330.18802
451000	2.1285785e-34	-336.7191
452000	2.1519308e-33	-326.67172
453000	2.1217422e-34	-336.73307
454000	1.5542884e-33	-328.08468
455000	6.7198855e-33	-321.72638
456000	2.3512666e-33	-326.28698
457000	1.7589757e-33	-327.5474
458000	5.3754002e-34	-332.69589
459000	3.534689e-33	-324.51649
460000	5.925478e-34	-332.27277
461000	9.6872922e-34	-330.13798
462000	4.1625086e-33	-323.80645
463000	9.3160056e-36	-350.3077
464000	4.0314333e-33	-323.94541
465000	4.9390728e-35	-343.06355
466000	1.2488242e-32	-319.03499
467000	6.3351145e-34	-331.98246
468000	8.1327483e-32	-310.89763
469000	2.704645e-31	-305.6789
470000	1.8113659e-31	-307.41994
471000	9.8403238e-33	-320.06991
472000	1.8607435e-32	-317.30313
473000	2.7205469e-33	-325.65344
474000	1.8537591e-33	-327.31947
475000	1.9768855e-33	-327.04018
476000	3.6580754e-33	-324.36747
477000	2.5105992e-33	-326.00223
478000	2.3777372e-34	-336.23836
479000	3.7728061e-35	-344.23336
480000	1.4747538e-33	-328.3128
481000	1.2793616e-33	-328.93007
482000	1.5885893e-34	-337.98988
483000	9.7995682e-35	-340.08793
484000	1.4542124e-33	-328.37372
485000	4.0098238e-34	-333.96875
486000	1.2826795e-33	-328.91882
487000	1.4796247e-33	-328.29848
488000	4.3907019e-33	-323.57466
489000	5.3939098e-33	-322.68096
490000	5.2937923e-34	-332.76233
491000	5.7794894e-34	-332.38111
492000	3.4575889e-34	-334.61227
493000	2.2899285e-34	-336.40178
494000	5.3089359e-34	-332.74993
495000	3.3436508e-33	-324.75779
496000	5.0059522e-34	-333.00513
497000	3.8769837e-34	-334.11506
498000	1.601111e-33	-327.95579
499000	2.1438281e-33	-326.6881
500000	1.5106659e-34	-338.20832
501000	1.5158649e-33	-328.19339
502000	1.601111e-33	-327.95579
503000	3.8769837e-34	-334.11506
504000	5.0059522e-34	-333.00513
505000	3.3436508e-33	-324.75779
506000	5.3089359e-34	-332.74993
507000	1.9858429e-34	-337.02055
508000	3.6164974e-34	-334.41712
509000	5.9598729e-34	-332.24763
510000	5.2937923e-34	-332.76233
511000	5.3939098e-33	-322.68096
512000	4.3907019e-33	-323.57466
513000	1.4796247e-33	-328.29848
514000	1.2826795e-33	-328.91882
515000	4.1251815e-34	-333.84557
516000	9.7268188e-34	-330.12029
517000	1.4591434e-34	-338.35902
518000	1.5885893e-34	-337.98988
519000	1.2793616e-33	-328.93007
520000	1.4747538e-33	-328.3128
521000	3.7728061e-35	-344.23336
522000	2.3777372e-34	-336.23836
523000	2.4073437e-33	-326.18462
524000	3.2043471e-33	-324.9426
525000	2.1091032e-33	-326.75902
526000	1.8537591e-33	-327.31947
527000	2.7205469e-33	-325.65344
528000	1.8607435e-32	-317.30313
529000	9.8403238e-33	-320.06991
530000	1.8113659e-31	-307.41994
531000	2.7489611e-31	-305.60831
532000	8.0433662e-32	-310.94562
533000	5.4554665e-34	-332.63168
534000	1.2488242e-32	-319.03499
535000	4.9390728e-35	-343.06355
536000	4.0314333e-33	-323.94541
537000	9.3160056e-36	-350.3077
538000	4.1625086e-33	-323.80645
539000	1.0711666e-34	-339.70143
540000	2.3999357e-33	-326.198
541000	2.3115779e-33	-326.36091
542000	5.3754002e-34	-332.69589
543000	1.7589757e-33	-327.5474
544000	2.3512666e-33	-326.28698
545000	6.7198855e-33	-321.72638
546000	1.5542884e-33	-328.08468
547000	3.7655148e-34	-334.24176
548000	2.9104265e-33	-325.36043
549000	1.2748632e-34	-338.94536
550000	9.5763004e-34	-330.18802
551000	1.023498e-33	-329.89913
552000	2.8735794e-33	-325.41577
553000	3.5948593e-34	-334.44318
554000	1.5045661e-33	-328.22589
555000	1.5621816e-33	-328.06268
556000	1.9915738e-33	-327.00804
557000	8.7823143e-34	-330.56391
558000	4.0631679e-33	-323.91135
559000	5.0754221e-35	-342.94528
560000	4.5535454e-33	-323.4165
561000	1.0830343e-33	-329.65358
562000	4.1886365e-33	-323.77927
563000	1.6553183e-34	-337.81118
564000	3.2780161e-34	-334.84389
565000	2.0644115e-33	-326.85204
566000	1.5986736e-33	-327.9624
567000	6.6345558e-33	-321.78188
568000	2.2174698e-32	-316.54142
569000	9.1114154e-33	-320.40414
570000	1.6198359e-31	-307.90529
571000	2.8488522e-31	-305.4533
572000	1.1039648e-31	-309.57045
573000	6.0903593e-33	-322.15357
574000	1.8747498e-32	-317.27057
575000	2.0370158e-34	-336.91006
576000	5.5790718e-33	-322.53438
577000	3.1450319e-34	-335.02375
578000	1.9274491e-33	-327.15017
579000	1.9517603e-34	-337.09574
580000	1.3007053e-33	-328.85821
581000	1.7015381e-33	-327.69158
582000	2.7861465e-33	-325.54996
583000	9.972109e-36	-350.01213
584000	1.5548298e-33	-328.08317
585000	3.5437472e-35	-344.50537
586000	1.9917662e-33	-327.00762
587000	8.4701019e-34	-330.72111
588000	9.545302e-33	-320.2021
589000	7.926338e-33	-321.00927
590000	3.7440836e-33	-324.26654
591000	1.237203e-33	-329.07559
592000	1.4688368e-33	-328.33026
593000	6.0034044e-34	-332.21602
594000	1.4163802e-34	-338.4882
595000	8.7771807e-35	-340.56645
596000	3.9436926e-34	-334.04097
597000	1.1460145e-33	-329.4081
598000	4.3638909e-34	-333.60126
599000	1.2701099e-33	-328.96159
600000	1.0743051e-34	-339.68872
601000	7.3383287e-34	-331.34403
602000	4.5827778e-34	-333.38871
603000	4.3214516e-34	-333.6437
604000	5.8599014e-34	-332.3211
605000	9.5808654e-34	-330.18595
606000	3.3464914e-34	-334.7541
607000	2.2797101e-33	-326.4212
608000	1.7938902e-33	-327.46204
609000	1.687248e-32	-317.72821
610000	1.1613728e-32	-319.35028
611000	3.5548218e-33	-324.49182
612000	2.9654557e-33	-325.27909
613000	1.8196127e-33	-327.40021
614000	8.5852482e-33	-320.66247
615000	5.3934119e-34	-332.68136
616000	2.5111685e-33	-326.00124
617000	4.1906277e-34	-333.77721
618000	6.6500196e-34	-331.77177
619000	3.8682023e-34	-334.12491
620000	3.4799029e-33	-324.58433
621000	5.1556919e-35	-342.87713
622000	5.6963193e-34	-332.44406
623000	3.3950008e-34	-334.6916
624000	2.0972482e-34	-336.7835
625000	2.5095995e-33	-326.00396
626000	2.9156004e-34	-335.35272
627000	3.4274157e-33	-324.65033
628000	4.5377479e-33	-323.4316
629000	5.0723853e-33	-322.94788
630000	6.8709055e-32	-311.62986
631000	7.7293731e-32	-311.11856
632000	5.8422612e-32	-312.33419
633000	6.9707078e-32	-311.56723
634000	2.0675611e-32	-316.84542
635000	3.4133264e-33	-324.66822
636000	7.6946981e-33	-321.13808
637000	1.4545706e-33	-328.37265
638000	1.0170852e-32	-319.92643
639000	2.6304816e-33	-325.79965
640000	7.3312108e-33	-321.34824
641000	1.7640675e-33	-327.53485
642000	5.0910346e-33	-322.93194
643000	3.0574063e-33	-325.14647
644000	8.7139254e-33	-320.59786
645000	3.0333374e-33	-325.18079
646000	1.3266691e-32	-318.77237
647000	4.056416e-33	-323.91858
648000	2.5144428e-32	-315.99558
649000	2.3737259e-33	-326.24569
650000	2.6709192e-32	-315.73339
651000	2.4097939e-32	-316.1802
652000	1.9775981e-31	-307.03862
653000	2.871056e-31	-305.41958
654000	6.3851155e-32	-311.94831
655000	3.6011602e-33	-324.43558
656000	6.2858855e-33	-322.01634
657000	1.2084862e-33	-329.17758
658000	1.409155e-33	-328.51041
659000	1.05404e-33	-329.77143
660000	6.1071713e-34	-332.1416
661000	3.9654915e-33	-324.01703
662000	2.9222404e-33	-325.34284
663000	9.7068388e-33	-320.12922
664000	5.7440395e-33	-322.40783
665000	4.9373507e-33	-323.06506
666000	4.5057213e-33	-323.46236
667000	7.6060302e-33	-321.18842
668000	9.706208e-33	-320.1295
669000	8.6487856e-33	-320.63045
670000	4.9277078e-33	-323.07355
671000	3.9766355e-32	-314.00484
672000	1.1369355e-31	-309.44264
673000	5.6369208e-32	-312.48958
674000	1.9725141e-31	-307.0498
675000	5.716593e-33	-322.42863
676000	8.9623825e-32	-310.47577
677000	3.6155324e-33	-324.41828
678000	2.3891686e-32	-316.21753
679000	2.9713196e-34	-335.27051
680000	2.9803273e-32	-315.25736
681000	1.2081657e-33	-329.17874
682000	1.5923444e-32	-317.97963
683000	2.2872762e-33	-326.40681
684000	1.8697487e-32	-317.28217
685000	4.8706665e-34	-333.12412
686000	1.6609707e-32	-317.79638
687000	1.3324997e-33	-328.75333
688000	2.4352113e-32	-316.13463
689000	4.6362572e-33	-323.33832
690000	1.7735878e-32	-317.51147
691000	2.6563269e-33	-325.75718
692000	5.4848368e-32	-312.60836
693000	2.5141204e-33	-325.99614
694000	2.1126213e-31	-306.75178
695000	3.4463536e-31	-304.6264
696000	7.0443441e-32	-311.52159
697000	8.546068e-33	-320.68234
698000	4.4424038e-33	-323.52382
699000	5.7476019e-34	-332.40513
700000	5.2477177e-34	-332.8003
701000	4.807103e-33	-323.18117
702000	1.0636062e-33	-329.73219
703000	4.6199566e-34	-333.35362
704000	4.9944451e-34	-333.01513
705000	3.2621032e-33	-324.86502
706000	6.8116956e-34	-331.66745
707000	2.5448211e-34	-335.94343
708000	2.1678895e-33	-326.63963
709000	1.0156871e-33	-329.9324
710000	9.103588e-34	-330.40787
711000	2.2898258e-34	-336.40198
712000	2.7471732e-33	-325.61114
713000	3.0393111e-33	-325.17225
714000	2.6611068e-32	-315.74938
715000	9.2112483e-34	-330.35682
716000	6.3964554e-32	-311.94061
717000	1.6832516e-32	-317.73851
718000	2.542379e-33	-325.9476
719000	3.765276e-33	-324.24203
720000	2.212207e-34	-336.55174
721000	7.8718003e-34	-331.03926
722000	2.701221e-33	-325.6844
723000	2.5517949e-33	-325.93154
724000	6.8318657e-35	-341.65461
725000	3.0753866e-34	-335.121
726000	2.2506886e-33	-326.47685
727000	1.7652911e-34	-337.53184
728000	1.0206403e-33	-329.91127
729000	4.3747708e-34	-333.59045
730000	4.1340588e-33	-323.83623
731000	1.4591439e-33	-328.35902
732000	1.6293017e-33	-327.87998
733000	6.6224013e-33	-321.78985
734000	2.0029331e-32	-316.98334
735000	6.0428067e-33	-322.18761
736000	2.4154728e-35	-346.16998
737000	1.0715148e-33	-329.70002
738000	1.1599908e-32	-319.35545
739000	1.0259807e-32	-319.88861
740000	9.3216196e-34	-330.30509
741000	3.2454481e-33	-324.88725
742000	8.5466628e-34	-330.68203
743000	1.450821e-34	-338.38386
744000	9.7226933e-36	-350.12213
745000	5.5610358e-34	-332.54844
746000	1.1419605e-35	-349.42349
747000	1.1375853e-33	-329.44016
748000	8.6744198e-34	-330.6176
749000	6.2651608e-34	-332.03068
750000	4.1198338e-34	-333.8512
751000	2.3713424e-34	-336.25006
752000	1.2113139e-34	-339.16743
753000	4.5696934e-34	-333.40113
754000	1.4033004e-34	-338.52849
755000	4.0083493e-34	-333.97034
756000	4.6898037e-35	-343.28845
757000	1.9519311e-33	-327.09536
758000	1.6145713e-33	-327.91943
759000	1.5731732e-33	-328.03223
760000	8.1724297e-33	-320.87649
761000	1.892887e-33	-327.22875
762000	1.4270347e-33	-328.45565
763000	1.6403789e-33	-327.85056
764000	1.5645414e-33	-328.05613
765000	2.030538e-34	-336.92389
766000	2.8182899e-34	-335.50014
767000	8.1342464e-34	-330.89683
768000	8.680141e-36	-350.61473
769000	5.1293687e-34	-332.89936
770000	2.7240074e-34	-335.64792
771000	1.8093077e-33	-327.42488
772000	1.3837061e-33	-328.58956
773000	1.0872478e-32	-319.63671
774000	9.8303546e-33	-320.07431
775000	1.8429602e-32	-317.34484
776000	1.6889106e-32	-317.72393
777000	3.9455365e-32	-314.03894
778000	1.019257e-32	-319.91716
779000	1.0182865e-32	-319.9213
780000	1.1002095e-33	-329.58525
781000	3.8324027e-33	-324.16529
782000	3.2883814e-33	-324.83018
783000	6.4884123e-34	-331.87862
784000	7.0433129e-34	-331.52223
785000	4.2977703e-35	-343.66757
786000	1.5671958e-33	-328.04877
787000	7.1046445e-34	-331.48458
788000	8.1698008e-34	-330.87789
789000	6.8772068e-34	-331.62588
790000	3.9469556e-34	-334.03738
791000	1.5452439e-34	-338.11003
792000	3.1208548e-33	-325.05726
793000	2.3592542e-33	-326.27225
794000	4.2394775e-34	-333.72688
795000	1.7140156e-34	-337.65985
796000	6.5204213e-35	-341.85724
797000	9.0556354e-35	-340.43081
798000	9.5919218e-35	-340.18094
799000	1.0855349e-33	-329.64356
800000	2.1135866e-34	-336.7498
801000	1.5730711e-33	-328.03252
802000	9.6615138e-34	-330.14955
803000	3.3621564e-33	-324.73382
804000	3.7737744e-35	-344.23224
805000	1.8945932e-33	-327.22484
806000	3.4140195e-34	-334.66734
807000	8.2878687e-34	-330.81557
808000	4.8615115e-34	-333.13229
809000	4.3717112e-34	-333.59349
810000	1.8457394e-33	-327.3383
811000	1.5391026e-33	-328.12732
812000	2.8658494e-33	-325.42747
813000	5.9904846e-34	-332.22538
814000	3.9316437e-34	-334.05426
815000	5.6280599e-33	-322.49641
816000	2.1984895e-32	-316.57876
817000	4.0426607e-32	-313.93333
818000	7.6130993e-33	-321.18439
819000	3.338e-33	-324.76514
820000	4.4630334e-33	-323.5037
821000	6.8453754e-34	-331.64603
822000	4.8608667e-34	-333.13286
823000	3.8436281e-33	-324.15259
824000	6.8937798e-34	-331.61543
825000	1.0044246e-33	-329.98083
826000	1.6621575e-33	-327.79328
827000	1.3338423e-35	-348.74896
828000	1.3676039e-33	-328.6404
829000	1.343037e-33	-328.71912
830000	7.5840041e-34	-331.20101
831000	1.6470677e-33	-327.83289
832000	3.3416544e-33	-324.76038
833000	2.560219e-33	-325.91723
834000	1.2716522e-33	-328.95632
835000	3.3102655e-33	-324.80137
836000	5.0006034e-33	-323.00978
837000	7.7250696e-34	-331.12098
838000	2.3873572e-34	-336.22083
839000	1.1298613e-33	-329.46975
840000	1.5215631e-34	-338.1771
841000	3.9475333e-34	-334.03674
842000	1.7626559e-34	-337.53832
843000	1.0081615e-33	-329.9647
844000	5.6050713e-35	-342.51419
845000	1.9319812e-34	-337.13997
846000	4.7095537e-33	-323.2702
847000	1.1165197e-33	-329.52134
848000	3.5060338e-35	-344.55184
849000	5.0106758e-33	-323.00104
850000	1.8139829e-33	-327.41367
851000	1.6742843e-34	-337.76171
852000	2.0257509e-33	-326.93414
853000	2.3736047e-34	-336.24592
854000	2.7932788e-34	-335.53886
855000	9.8209106e-35	-340.07848
856000	1.5102621e-33	-328.20948
857000	8.8714027e-34	-330.52008
858000	6.1373678e-34	-332.12018
859000	1.1263736e-33	-329.48318
860000	3.1832424e-33	-324.9713
861000	3.1193695e-33	-325.05933
862000	3.4725519e-33	-324.59351
863000	1.1726567e-33	-329.30829
864000	3.4538169e-34	-334.61701
865000	1.3722115e-33	-328.62579
866000	7.927958e-34	-331.00839
867000	2.38957e-33	-326.2168
868000	8.6987026e-34	-330.60546
869000	1.3244837e-33	-328.77953
870000	1.3918636e-33	-328.56403
871000	2.7044704e-33	-325.67918
872000	3.2143933e-33	-324.92901
873000	5.1648534e-33	-322.86942
874000	1.2121817e-33	-329.16432
875000	1.4694423e-32	-318.32847
876000	9.1364932e-33	-320.3922
877000	5.5113333e-32	-312.58743
878000	4.5615612e-32	-313.40886
879000	5.7416629e-32	-312.40962
880000	3.2493627e-32	-314.88202
881000	1.2924706e-32	-318.88579
882000	1.0866079e-33	-329.63927
883000	1.4584378e-33	-328.36112
884000	4.7686114e-33	-323.21608
885000	1.5881472e-33	-327.99109
886000	5.8679974e-34	-332.3151
887000	5.9279898e-34	-332.27093
888000	4.6290605e-33	-323.34507
889000	1.3654567e-33	-328.64722
890000	6.2152587e-34	-332.06541
891000	3.7107058e-34	-334.30543
892000	1.025886e-33	-329.88901
893000	8.2642788e-33	-320.82795
894000	2.5843899e-33	-325.87642
895000	4.9389168e-33	-323.06368
896000	9.7744191e-34	-330.09909
897000	9.1556542e-34	-330.38311
898000	6.0291073e-34	-332.19747
899000	8.3087104e-34	-330.80466
900000	5.7778795e-34	-332.38232
901000	2.5268761e-33	-325.97416
902000	1.5023022e-33	-328.23243
903000	1.8015954e-34	-337.44343
904000	1.9812039e-33	-327.03071
905000	3.5651558e-35	-344.47921
906000	1.0773752e-33	-329.67633
907000	1.5643916e-34	-338.05655
908000	8.5855053e-34	-330.66234
909000	1.4197118e-33	-328.478
910000	8.2819399e-34	-330.81868
911000	2.1898187e-35	-346.59592
912000	1.3338364e-33	-328.74897
913000	1.3879617e-33	-328.57623
914000	4.8732454e-33	-323.12182
915000	6.9059641e-33	-321.60776
916000	1.0679841e-32	-319.71435
917000	4.3074638e-32	-313.65778
918000	4.9358355e-32	-313.06639
919000	6.8822244e-32	-311.62271
920000	3.8064501e-32	-314.1948
921000	1.883235e-32	-317.25095
922000	2.6959326e-33	-325.69291
923000	2.39698e-33	-326.20336
924000	6.2075906e-33	-322.07077
925000	3.3311671e-33	-324.77404
926000	8.0631814e-35	-340.93494
927000	6.6063046e-34	-331.80041
928000	1.4743521e-33	-328.31399
929000	1.9754155e-33	-327.04342
930000	4.0409641e-34	-333.93515
931000	3.1530913e-34	-335.01263
932000	1.7258138e-33	-327.63006
933000	3.8346995e-33	-324.16269
934000	4.2964666e-33	-323.66889
935000	2.1692065e-32	-316.63699
936000	5.2788027e-33	-322.77465
937000	8.1130972e-33	-320.90813
938000	3.8325594e-33	-324.16511
939000	4.9325294e-33	-323.0693
940000	8.4026633e-34	-330.75583
941000	1.9242542e-33	-327.15738
942000	4.1988525e-35	-343.76869
943000	3.0061886e-33	-325.21984
944000	1.155636e-33	-329.37179
945000	8.7233841e-34	-330.59315
946000	1.3386302e-33	-328.73339
947000	5.3413069e-34	-332.72352
948000	6.1009372e-34	-332.14603
949000	4.5444652e-33	-323.42517
950000	1.2226011e-33	-329.12715
951000	3.2872669e-33	-324.83165
952000	2.1749531e-33	-326.6255
953000	3.0324745e-33	-325.18203
954000	1.2254758e-32	-319.11695
955000	7.6511445e-34	-331.16274
956000	2.0440368e-32	-316.89511
957000	2.5188318e-32	-315.98801
958000	1.5947974e-32	-317.97294
959000	9.4698514e-33	-320.23657
960000	7.3080607e-33	-321.36198
961000	1.313953e-32	-318.8142
962000	2.2628788e-33	-326.45339
963000	1.293169e-32	-318.88345
964000	6.1771715e-33	-322.0921
965000	8.8600185e-33	-320.52565
966000	7.0032998e-33	-321.54697
967000	1.3516625e-32	-318.69132
968000	1.7947275e-32	-317.46001
969000	1.793318e-32	-317.46343
970000	2.1512194e-32	-316.67315
971000	3.0933972e-32	-315.09564
972000	3.491246e-32	-314.5702
973000	5.6642337e-32	-312.46859
974000	8.4173756e-32	-310.74823
975000	1.34197e-31	-308.72257
976000	2.514912e-31	-305.99477
977000	5.5150531e-31	-302.5845
978000	2.8609492e-30	-295.4349
979000	0.25	-6.0205999
980000	0.25	-6.0205999
981000	2.8979223e-31	-305.37913
982000	1.5844545e-31	-308.0012
983000	1.4956242e-31	-308.25178
984000	9.0039606e-32	-310.45566
985000	9.0033402e-32	-310.45596
986000	6.5588152e-32	-311.83175
987000	5.1018517e-32	-312.92272
988000	3.8463219e-32	-314.14954
989000	7.4463953e-32	-311.28054
990000	3.9012383e-32	-314.08798
991000	4.7106888e-32	-313.26916
992000	3.758846e-32	-314.24945
993000	5.563156e-32	-312.54679
994000	5.2158597e-32	-312.82674
995000	4.7089001e-32	-313.27081
996000	4.3896327e-32	-313.57572
997000	4.4398745e-32	-313.52629
998000	6.5638257e-32	-311.82843
999000	3.2629422e-32	-314.86391
