0	7.8897184e-32	-311.02938
1000	1.8883742e-31	-307.23912
2000	3.7170136e-32	-314.29806
3000	1.4334649e-32	-318.43613
4000	3.5636049e-31	-304.4811
5000	2.5460583e-32	-315.94132
6000	2.0634654e-31	-306.85403
7000	4.3465423e-31	-303.61856
8000	1.9324123e-31	-307.139
9000	1.9640273e-31	-307.06852
10000	1.1103501e-31	-309.5454
11000	2.2923106e-32	-316.39727
12000	5.3103967e-31	-302.74873
13000	5.6265739e-31	-302.49756
14000	7.3645032e-31	-301.32857
15000	4.7858749e-31	-303.20039
16000	2.4428378e-31	-306.12105
17000	2.2630462e-30	-296.45307
18000	2.8850465e-30	-295.39847
19000	2.2184512e-30	-296.5395
20000	1.976033e-30	-297.04206
21000	9.0253198e-31	-300.44537
22000	6.5164675e-31	-301.85988
23000	2.7341674e-31	-305.63175
24000	3.3594578e-32	-314.73731
25000	1.6184765e-31	-307.90894
26000	9.7855692e-31	-300.09414
27000	7.6491739e-32	-311.16385
28000	2.1213549e-30	-296.73387
29000	3.1792711e-31	-304.97672
30000	1.0037349e-30	-299.98381
31000	3.0875995e-33	-325.10379
32000	7.9308003e-31	-301.00683
33000	3.1632553e-31	-304.99866
34000	2.2092624e-31	-306.55753
35000	1.164041e-31	-309.34032
36000	1.4720616e-31	-308.32074
37000	7.1464512e-31	-301.4591
38000	1.3275752e-30	-298.76941
39000	1.8960397e-30	-297.22153
40000	1.5759155e-30	-298.02467
41000	1.6258191e-30	-297.88928
42000	1.4927155e-30	-298.26023
43000	1.1313302e-30	-299.46411
44000	6.6336966e-31	-301.78244
45000	5.6081522e-31	-302.5118
46000	3.7909771e-31	-304.21249
47000	2.7230168e-31	-305.6495
48000	2.0112973e-31	-306.96524
49000	2.4021058e-31	-306.19408
50000	3.9890924e-31	-303.99126
51000	3.1005791e-31	-305.08557
52000	4.9000848e-31	-303.09796
53000	5.4689081e-32	-312.62099
54000	4.6951442e-31	-303.28351
55000	2.40503e-31	-306.18879
56000	1.5996654e-31	-307.95971
57000	2.9087873e-31	-305.36288
58000	2.0198038e-31	-306.94691
59000	2.2712025e-31	-306.43744
60000	6.1800338e-31	-302.09009
61000	6.6053438e-31	-301.80105
62000	5.9821257e-31	-302.23144
63000	4.192075e-31	-303.77571
64000	6.9035372e-31	-301.60928
65000	2.3219287e-31	-306.34151
66000	7.7786583e-31	-301.09095
67000	5.4557922e-31	-302.63142
68000	5.2775972e-31	-302.77564
69000	2.2752762e-31	-306.42966
70000	3.6586335e-31	-304.36681
71000	3.6511597e-31	-304.37569
72000	7.4569282e-31	-301.2744
73000	6.6748889e-31	-301.75556
74000	4.0373594e-31	-303.93903
75000	7.6212952e-32	-311.17971
76000	1.8860046e-31	-307.24457
77000	9.5174367e-31	-300.2148
78000	4.7211401e-31	-303.25953
79000	1.7835055e-30	-297.48726
80000	1.819708e-30	-297.39998
81000	1.8765814e-30	-297.26633
82000	1.4131165e-30	-298.49822
83000	1.206398e-30	-299.18509
84000	1.0365097e-30	-299.84427
85000	1.8739118e-30	-297.27251
86000	2.5207236e-30	-295.98475
87000	2.7485785e-30	-295.60892
88000	2.3852848e-30	-296.2246
89000	1.7476594e-30	-297.57543
90000	3.165895e-30	-294.99503
91000	4.8017043e-30	-293.18605
92000	5.5556426e-30	-292.55266
93000	6.7644512e-30	-291.69767
94000	9.2105881e-30	-290.35713
95000	1.221478e-29	-289.13114
96000	1.669012e-29	-287.77541
97000	2.8352431e-29	-285.4741
98000	6.1639643e-29	-282.1014
99000	2.0662024e-28	-276.84827
100000	0.25	-6.0205999
101000	0.25	-6.0205999
102000	1.3958497e-28	-278.55161
103000	4.2760514e-29	-283.68957
104000	2.1800066e-29	-286.61542
105000	1.2629006e-29	-288.98631
106000	9.5463008e-30	-290.20165
107000	5.821324e-30	-292.34978
108000	5.2167123e-30	-292.82603
109000	2.2197864e-30	-296.53689
110000	2.6963243e-30	-295.69228
111000	1.4540741e-30	-298.37413
112000	1.4155017e-30	-298.4909
113000	7.5696928e-31	-301.20922
114000	2.657632e-31	-305.75505
115000	3.7325597e-32	-314.27993
116000	5.6668613e-31	-302.46657
117000	2.5527274e-30	-295.92996
118000	3.7088475e-30	-294.30761
119000	4.9461242e-30	-293.05735
120000	4.2462191e-30	-293.71998
121000	2.7773858e-30	-295.56364
122000	8.1021995e-31	-300.91397
123000	2.034874e-31	-306.91462
124000	2.3348239e-31	-306.31746
125000	1.0312319e-30	-299.86644
126000	1.6478573e-30	-297.8308
127000	8.7315611e-31	-300.58908
128000	6.5111945e-31	-301.86339
129000	1.5626036e-31	-308.06151
130000	5.229827e-31	-302.81513
131000	6.8177523e-31	-301.66359
132000	7.8702053e-31	-301.04014
133000	5.5528643e-31	-302.55483
134000	6.8826765e-32	-311.62243
135000	8.5747594e-31	-300.66778
136000	1.7085437e-30	-297.67374
137000	1.582686e-30	-298.00605
138000	6.0682401e-31	-302.16937
139000	8.3559705e-31	-300.78003
140000	1.7914327e-31	-307.468
141000	4.4823357e-31	-303.48496
142000	2.2097055e-31	-306.55666
143000	1.2833712e-31	-308.91648
144000	1.1830083e-31	-309.27012
145000	1.0051579e-32	-319.97766
146000	3.8257375e-32	-314.17285
147000	2.1130503e-32	-316.7509
148000	6.2485533e-31	-302.04221
149000	1.2993781e-31	-308.86264
150000	5.6896609e-32	-312.44914
151000	1.0519508e-31	-309.78005
152000	2.8972185e-31	-305.38019
153000	3.1383184e-31	-305.03303
154000	1.8672058e-31	-307.28808
155000	5.6012114e-32	-312.51718
156000	1.0001099e-31	-309.99952
157000	2.7909404e-31	-305.54249
158000	5.624352e-31	-302.49928
159000	2.2444133e-30	-296.48897
160000	2.6692308e-30	-295.73614
161000	2.0603093e-30	-296.86068
162000	3.0071218e-30	-295.21849
163000	1.2531165e-30	-299.02009
164000	6.6637292e-31	-301.76283
165000	1.4523862e-31	-308.37918
166000	3.1470324e-32	-315.02099
167000	2.1303848e-31	-306.71542
168000	2.6515228e-31	-305.76505
169000	3.948119e-31	-304.0361
170000	2.1029635e-31	-306.77168
171000	6.3181211e-32	-311.99412
172000	1.3945303e-31	-308.55572
173000	1.0955872e-31	-309.60353
174000	4.2867294e-31	-303.67874
175000	2.8557922e-31	-305.44273
176000	1.3114036e-31	-308.82264
177000	1.1090841e-32	-319.55036
178000	2.7981921e-32	-315.53122
179000	1.5704763e-31	-308.03969
180000	1.3871918e-31	-308.57863
181000	7.8831727e-32	-311.03299
182000	1.1145394e-31	-309.52905
183000	2.0287898e-32	-316.92763
184000	2.4726616e-31	-306.06835
185000	6.7547072e-31	-301.70393
186000	1.4000121e-31	-308.53868
187000	2.1128291e-31	-306.75136
188000	3.9489193e-32	-314.03522
189000	1.0215655e-31	-309.90734
190000	2.9455785e-32	-315.30829
191000	1.0392689e-32	-319.83272
192000	1.8435744e-32	-317.34339
193000	5.9355754e-32	-312.26537
194000	9.0419779e-32	-310.43737
195000	2.5964626e-31	-305.85618
196000	3.8311708e-31	-304.16668
197000	3.1810158e-31	-304.97434
198000	9.8695939e-32	-310.05701
199000	3.4767063e-32	-314.58832
200000	1.0418317e-31	-309.82202
201000	6.631471e-32	-311.7839
202000	7.4946101e-33	-321.25251
203000	3.9187213e-32	-314.06856
204000	2.9587247e-31	-305.28895
205000	3.8825809e-31	-304.10879
206000	3.1296797e-31	-305.045
207000	1.7072008e-31	-307.67715
208000	5.1666549e-31	-302.86791
209000	1.0506711e-32	-319.78533
210000	7.5698663e-32	-311.20912
211000	7.1712002e-32	-311.44408
212000	6.0265807e-33	-322.19929
213000	1.1839944e-31	-309.2665
214000	3.1708954e-33	-324.98818
215000	4.5252541e-32	-313.44357
216000	2.0120072e-31	-306.9637
217000	3.7594151e-31	-304.2488
218000	6.9189937e-31	-301.59957
219000	3.1763502e-30	-294.98072
220000	1.1289667e-30	-299.47319
221000	2.8229614e-30	-295.49295
222000	1.540192e-30	-298.12425
223000	4.0123911e-31	-303.96597
224000	3.4069632e-31	-304.67633
225000	4.6827268e-32	-313.29501
226000	1.15088e-31	-309.3897
227000	1.7997888e-31	-307.44778
228000	1.2253521e-30	-299.11739
229000	6.5451118e-31	-301.84083
230000	8.0066322e-31	-300.9655
231000	4.1935042e-31	-303.77423
232000	4.8440953e-31	-303.14787
233000	3.6476751e-31	-304.37984
234000	1.5854788e-31	-307.9984
235000	1.3762767e-31	-308.61294
236000	1.8060044e-32	-317.43281
237000	1.5545466e-31	-308.08396
238000	9.3716403e-32	-310.28184
239000	2.6394604e-31	-305.78485
240000	5.9962923e-32	-312.22117
241000	8.6403184e-32	-310.6347
242000	1.1030566e-31	-309.57402
243000	3.2578763e-31	-304.87065
244000	3.3754598e-31	-304.71667
245000	4.4018649e-31	-303.56363
246000	5.2101882e-31	-302.83147
247000	3.5449156e-31	-304.50394
248000	2.1431259e-31	-306.68952
249000	6.0425752e-32	-312.18778
250000	4.2357517e-32	-313.7307
251000	5.7646424e-33	-322.39228
252000	2.4691432e-32	-316.07454
253000	2.9968082e-32	-315.23341
254000	3.9258133e-32	-314.0607
255000	4.6470618e-32	-313.32822
256000	1.1670397e-31	-309.32914
257000	2.739137e-31	-305.62386
258000	2.617409e-31	-305.82128
259000	1.8007543e-32	-317.44546
260000	1.5855019e-31	-307.99833
261000	8.5330218e-32	-310.68897
262000	1.420868e-32	-318.47446
263000	2.19994e-32	-316.57589
264000	3.8512946e-32	-314.14393
265000	2.8471735e-32	-315.45586
266000	9.7714916e-32	-310.10039
267000	2.3229624e-32	-316.33958
268000	6.2854382e-32	-312.01664
269000	1.505939e-32	-318.22193
270000	2.7797202e-32	-315.55999
271000	3.4890106e-32	-314.57298
272000	2.0750031e-32	-316.82981
273000	6.8794383e-33	-321.62447
274000	5.2516168e-32	-312.79707
275000	1.2399802e-33	-329.06585
276000	2.1908841e-31	-306.59381
277000	2.113784e-33	-326.74939
278000	5.241535e-31	-302.80542
279000	8.2764331e-31	-300.82157
280000	4.7973856e-31	-303.18995
281000	4.8402564e-31	-303.15132
282000	4.0680756e-31	-303.90611
283000	7.7524897e-32	-311.10559
284000	3.7210338e-32	-314.29336
285000	5.6957236e-32	-312.44451
286000	1.0323003e-31	-309.86194
287000	3.4882679e-31	-304.5739
288000	2.7592368e-31	-305.59211
289000	5.2686429e-32	-312.78301
290000	5.9171667e-32	-312.27886
291000	1.2742811e-32	-318.94735
292000	3.6952406e-31	-304.32357
293000	2.123357e-31	-306.72977
294000	1.3900015e-32	-318.56985
295000	9.4001955e-32	-310.26863
296000	3.662484e-32	-314.36224
297000	5.7593308e-32	-312.39628
298000	1.3167471e-31	-308.80498
299000	1.0860198e-31	-309.64162
300000	1.1519402e-32	-319.3857
301000	1.5241098e-32	-318.16984
302000	2.7184032e-31	-305.65686
303000	1.7789479e-31	-307.49837
304000	1.6948758e-31	-307.70862
305000	2.7248817e-31	-305.64652
306000	1.9105774e-31	-307.18835
307000	3.5334411e-32	-314.51802
308000	2.1964308e-32	-316.58282
309000	2.0102822e-31	-306.96743
310000	3.4152602e-32	-314.66576
311000	1.2531987e-31	-309.0198
312000	1.2237619e-31	-309.12303
313000	1.5483157e-31	-308.1014
314000	3.929181e-31	-304.05698
315000	7.2025455e-31	-301.42514
316000	2.1689729e-30	-296.63746
317000	1.8457272e-30	-297.33832
318000	2.1260794e-30	-296.72421
319000	2.1720102e-30	-296.63138
320000	1.3226527e-30	-298.78554
321000	5.9797971e-31	-302.23314
322000	2.6089692e-31	-305.83531
323000	5.3045707e-33	-322.7535
324000	3.3774787e-32	-314.71407
325000	1.1814328e-31	-309.27591
326000	8.8257926e-32	-310.54246
327000	4.225634e-31	-303.74108
328000	4.8833616e-32	-313.11281
329000	1.4093931e-31	-308.50968
330000	2.1799425e-31	-306.61555
331000	4.2911883e-32	-313.67422
332000	1.1567448e-30	-299.36762
333000	4.8199457e-31	-303.16958
334000	2.7089575e-30	-295.67198
335000	2.4542941e-30	-296.10073
336000	1.761732e-30	-297.5406
337000	8.9699753e-31	-300.47209
338000	1.417368e-30	-298.48517
339000	7.5757926e-31	-301.20572
340000	1.3835806e-30	-298.58996
341000	1.8320907e-31	-307.37053
342000	9.1135022e-31	-300.40315
343000	9.9306012e-32	-310.03024
344000	1.6173295e-31	-307.91201
345000	1.7656767e-32	-317.53089
346000	7.0579451e-32	-311.51322
347000	8.6886551e-32	-310.61047
348000	2.1763371e-32	-316.62274
349000	3.2841118e-32	-314.83582
350000	4.6644853e-33	-323.31196
351000	1.5761172e-32	-318.02411
352000	1.8701245e-31	-307.28129
353000	2.2209062e-32	-316.5347
354000	2.6020161e-32	-315.8469
355000	1.197158e-33	-329.21849
356000	4.4756875e-32	-313.4914
357000	2.9966737e-31	-305.23361
358000	4.6019308e-31	-303.3706
359000	8.8511505e-33	-320.53
360000	8.982953e-32	-310.46581
361000	1.7744297e-31	-307.50941
362000	7.9899943e-32	-310.97454
363000	1.5382738e-31	-308.12966
364000	1.6641561e-31	-307.78806
365000	7.1872822e-32	-311.43435
366000	5.2156243e-32	-312.82694
367000	4.7002231e-33	-323.27882
368000	1.5114562e-32	-318.20604
369000	5.972689e-32	-312.2383
370000	4.7737853e-32	-313.21137
371000	4.604695e-32	-313.36799
372000	4.1430174e-32	-313.82683
373000	1.1830015e-31	-309.27015
374000	4.42771e-32	-313.53821
375000	2.487391e-31	-306.04256
376000	9.1213019e-32	-310.39943
377000	9.173699e-32	-310.37456
378000	1.0672508e-31	-309.71734
379000	1.2247536e-32	-319.11951
380000	1.9787149e-32	-317.03617
381000	8.8503954e-33	-320.53037
382000	1.2781379e-32	-318.93422
383000	5.4853493e-32	-312.60796
384000	9.7522136e-32	-310.10897
385000	9.8475486e-32	-310.06672
386000	1.2832404e-31	-308.91692
387000	2.5524764e-31	-305.93038
388000	6.9909281e-33	-321.55465
389000	9.4643823e-32	-310.23908
390000	1.5429145e-32	-318.11658
391000	1.4812309e-32	-318.29377
392000	1.894533e-32	-317.22498
393000	4.2956526e-33	-323.66971
394000	3.8069971e-32	-314.19417
395000	4.4634473e-33	-323.5033
396000	8.6382432e-32	-310.63575
397000	6.3679483e-32	-311.96
398000	1.7568195e-31	-307.55273
399000	2.732882e-31	-305.63379
400000	1.8818495e-31	-307.25415
401000	6.7543786e-32	-311.70415
402000	7.742331e-32	-311.11128
403000	9.8578519e-32	-310.06218
404000	7.2421671e-32	-311.40131
405000	1.7560426e-31	-307.55465
406000	2.5581524e-31	-305.92074
407000	2.3563615e-31	-306.27758
408000	3.3629687e-31	-304.73277
409000	6.1811531e-32	-312.08931
410000	3.4246763e-31	-304.6538
411000	4.7079821e-32	-313.27165
412000	5.9049195e-32	-312.28786
413000	1.5793232e-32	-318.01529
414000	9.6591523e-33	-320.15061
415000	3.4128518e-32	-314.66883
416000	3.4978192e-31	-304.56203
417000	6.0622295e-32	-312.17368
418000	9.1842544e-33	-320.36956
419000	6.670625e-33	-321.75833
420000	7.8778055e-33	-321.03595
421000	2.1726022e-31	-306.6302
422000	4.7753516e-31	-303.20995
423000	8.0459139e-31	-300.94425
424000	1.1939687e-31	-309.23007
425000	9.4873063e-32	-310.22857
426000	1.0101196e-31	-309.95627
427000	1.1835981e-32	-319.26796
428000	3.4043636e-32	-314.67964
429000	5.0989243e-32	-312.92521
430000	3.654982e-32	-314.37115
431000	6.0464712e-32	-312.18498
432000	2.6814113e-32	-315.71637
433000	2.7289885e-32	-315.63998
434000	6.7675494e-32	-311.69569
435000	3.291645e-32	-314.82587
436000	8.845561e-33	-320.53275
437000	6.5928172e-33	-321.80929
438000	3.2815875e-32	-314.83916
439000	2.9311685e-32	-315.32959
440000	5.7349422e-32	-312.41471
441000	8.5582371e-33	-320.67616
442000	4.6561968e-32	-313.31969
443000	1.9798031e-32	-317.03378
444000	6.3773588e-32	-311.95359
445000	2.4779553e-31	-306.05907
446000	3.4538812e-31	-304.61693
447000	3.4680505e-31	-304.59915
448000	1.5672047e-31	-308.04874
449000	4.1786062e-31	-303.78969
450000	1.2987126e-31	-308.86487
451000	1.703444e-31	-307.68672
452000	3.9131244e-33	-324.07476
453000	1.6569047e-32	-317.80702
454000	2.8900137e-31	-305.391
455000	1.1455775e-32	-319.40976
456000	3.4038069e-32	-314.68035
457000	1.7367577e-31	-307.60261
458000	1.1767e-31	-309.29334
459000	5.5714383e-31	-302.54033
460000	5.1644221e-31	-302.86978
461000	9.5272258e-31	-300.21034
462000	6.8017242e-31	-301.67381
463000	2.3336918e-30	-296.31957
464000	2.2478886e-30	-296.48225
465000	1.6729163e-30	-297.76526
466000	2.1957293e-30	-296.58421
467000	2.5110694e-31	-306.00141
468000	6.8490693e-31	-301.64368
469000	2.0204449e-31	-306.94553
470000	2.357032e-31	-306.27635
471000	1.9203231e-32	-317.16626
472000	3.6583499e-32	-314.36715
473000	9.1841566e-33	-320.36961
474000	1.0150653e-32	-319.93506
475000	2.1215672e-32	-316.73343
476000	1.2059389e-32	-319.18675
477000	2.33081e-34	-336.32493
478000	3.3291434e-32	-314.77668
479000	9.5924213e-32	-310.18072
480000	1.0746417e-31	-309.68736
481000	1.1913157e-31	-309.23973
482000	5.5945804e-32	-312.52232
483000	7.5541154e-32	-311.21816
484000	4.324654e-32	-313.64049
485000	1.7143069e-32	-317.65911
486000	1.0620705e-31	-309.73847
487000	1.1674905e-31	-309.32747
488000	1.7129758e-31	-307.66249
489000	1.0793745e-32	-319.66828
490000	1.2113775e-32	-319.1672
491000	2.6395961e-33	-325.78463
492000	2.8263426e-32	-315.48775
493000	8.9949206e-32	-310.46003
494000	8.3235988e-32	-310.79689
495000	1.4642129e-32	-318.34396
496000	1.0299054e-31	-309.87203
497000	6.7884927e-32	-311.68227
498000	9.026153e-32	-310.44497
499000	5.0860939e-32	-312.93616
500000	2.3202248e-34	-336.3447
501000	5.2372145e-32	-312.809
502000	9.026153e-32	-310.44497
503000	6.7884927e-32	-311.68227
504000	1.0299054e-31	-309.87203
505000	1.4642129e-32	-318.34396
506000	8.3235988e-32	-310.79689
507000	8.7194484e-32	-310.59511
508000	3.0096911e-32	-315.21478
509000	2.164238e-33	-326.64695
510000	1.2113775e-32	-319.1672
511000	1.0793745e-32	-319.66828
512000	1.7129758e-31	-307.66249
513000	1.1674905e-31	-309.32747
514000	1.0620705e-31	-309.73847
515000	1.64543e-32	-317.83721
516000	4.304404e-32	-313.66087
517000	8.0282368e-32	-310.9538
518000	5.5945804e-32	-312.52232
519000	1.1913157e-31	-309.23973
520000	1.0746417e-31	-309.68736
521000	9.5924213e-32	-310.18072
522000	3.3291434e-32	-314.77668
523000	4.217487e-34	-333.74946
524000	1.1826766e-32	-319.27134
525000	2.1634302e-32	-316.64857
526000	1.0150653e-32	-319.93506
527000	9.1841566e-33	-320.36961
528000	3.6583499e-32	-314.36715
529000	1.9203231e-32	-317.16626
530000	2.357032e-31	-306.27635
531000	1.9450394e-31	-307.11072
532000	7.1210249e-31	-301.47457
533000	2.5160353e-31	-305.99283
534000	2.1957293e-30	-296.58421
535000	1.6729163e-30	-297.76526
536000	2.2478886e-30	-296.48225
537000	2.3336918e-30	-296.31957
538000	6.8017242e-31	-301.67381
539000	9.9015856e-31	-300.04295
540000	5.5590508e-31	-302.54999
541000	5.9362903e-31	-302.26485
542000	1.1767e-31	-309.29334
543000	1.7367577e-31	-307.60261
544000	3.4038069e-32	-314.68035
545000	1.1455775e-32	-319.40976
546000	2.8900137e-31	-305.391
547000	1.4673557e-32	-318.33465
548000	3.5317125e-33	-324.52015
549000	1.7326782e-31	-307.61282
550000	1.2987126e-31	-308.86487
551000	4.1786062e-31	-303.78969
552000	1.5672047e-31	-308.04874
553000	3.4680505e-31	-304.59915
554000	3.4538812e-31	-304.61693
555000	2.469954e-31	-306.07311
556000	6.3693979e-32	-311.95902
557000	1.893852e-32	-317.22654
558000	4.6561968e-32	-313.31969
559000	8.5582371e-33	-320.67616
560000	5.7349422e-32	-312.41471
561000	2.9311685e-32	-315.32959
562000	3.2815875e-32	-314.83916
563000	6.5075599e-33	-321.86582
564000	8.6619914e-33	-320.62382
565000	3.2536599e-32	-314.87628
566000	6.7675494e-32	-311.69569
567000	2.7289885e-32	-315.63998
568000	2.6814113e-32	-315.71637
569000	6.0464712e-32	-312.18498
570000	3.654982e-32	-314.37115
571000	4.8720001e-32	-313.12293
572000	3.5852668e-32	-314.45479
573000	1.1422987e-32	-319.4222
574000	1.0101196e-31	-309.95627
575000	9.4873063e-32	-310.22857
576000	1.1939687e-31	-309.23007
577000	8.0459139e-31	-300.94425
578000	4.7753516e-31	-303.20995
579000	1.951224e-31	-307.09693
580000	8.2170574e-33	-320.85284
581000	5.1334768e-33	-322.89588
582000	9.1842544e-33	-320.36956
583000	6.0622295e-32	-312.17368
584000	3.4978192e-31	-304.56203
585000	3.4128518e-32	-314.66883
586000	9.6591523e-33	-320.15061
587000	1.5456815e-32	-318.1088
588000	5.5015074e-32	-312.59518
589000	4.2761744e-32	-313.68945
590000	3.4246763e-31	-304.6538
591000	6.1811531e-32	-312.08931
592000	3.3629687e-31	-304.73277
593000	2.3563615e-31	-306.27758
594000	2.5581524e-31	-305.92074
595000	1.7280715e-31	-307.62438
596000	6.784377e-32	-311.6849
597000	1.0119754e-31	-309.9483
598000	7.742331e-32	-311.11128
599000	6.7543786e-32	-311.70415
600000	1.8818495e-31	-307.25415
601000	2.732882e-31	-305.63379
602000	1.7568195e-31	-307.55273
603000	6.5124451e-32	-311.86256
604000	9.055521e-32	-310.43087
605000	4.0792666e-33	-323.89418
606000	3.8069971e-32	-314.19417
607000	4.2956526e-33	-323.66971
608000	1.894533e-32	-317.22498
609000	1.4812309e-32	-318.29377
610000	1.5429145e-32	-318.11658
611000	9.3872668e-32	-310.27461
612000	8.2140374e-33	-320.85443
613000	2.5495013e-31	-305.93545
614000	1.2832404e-31	-308.91692
615000	9.8475486e-32	-310.06672
616000	9.7522136e-32	-310.10897
617000	5.4853493e-32	-312.60796
618000	1.2781379e-32	-318.93422
619000	1.5662557e-32	-318.05137
620000	1.6475011e-32	-317.83174
621000	1.7394543e-32	-317.59587
622000	1.0672508e-31	-309.71734
623000	9.173699e-32	-310.37456
624000	9.1213019e-32	-310.39943
625000	2.487391e-31	-306.04256
626000	4.42771e-32	-313.53821
627000	1.2022652e-31	-309.2
628000	3.9199265e-32	-314.06722
629000	4.7421302e-32	-313.24027
630000	4.7737853e-32	-313.21137
631000	5.972689e-32	-312.2383
632000	1.5114562e-32	-318.20604
633000	4.7002231e-33	-323.27882
634000	5.2156243e-32	-312.82694
635000	7.2179598e-32	-311.41586
636000	1.6624095e-31	-307.79262
637000	1.5412391e-31	-308.1213
638000	7.9899943e-32	-310.97454
639000	1.7744297e-31	-307.50941
640000	8.982953e-32	-310.46581
641000	8.8511505e-33	-320.53
642000	4.6019308e-31	-303.3706
643000	3.019216e-31	-305.20106
644000	4.4026672e-32	-313.56284
645000	1.5289931e-33	-328.15594
646000	2.6020161e-32	-315.8469
647000	2.2209062e-32	-316.5347
648000	1.8701245e-31	-307.28129
649000	1.5761172e-32	-318.02411
650000	4.6644853e-33	-323.31196
651000	3.4464555e-32	-314.62627
652000	2.4586087e-32	-316.09311
653000	9.0001169e-32	-310.45752
654000	7.0579451e-32	-311.51322
655000	1.7656767e-32	-317.53089
656000	1.6173295e-31	-307.91201
657000	9.9306012e-32	-310.03024
658000	9.1135022e-31	-300.40315
659000	2.1964462e-31	-306.58279
660000	1.3510808e-30	-298.69319
661000	7.8658142e-31	-301.04256
662000	1.417368e-30	-298.48517
663000	8.9699753e-31	-300.47209
664000	1.761732e-30	-297.5406
665000	2.4542941e-30	-296.10073
666000	2.7089575e-30	-295.67198
667000	4.7666546e-31	-303.21786
668000	1.1763408e-30	-299.29467
669000	4.5960818e-32	-313.37612
670000	2.1799425e-31	-306.61555
671000	1.4093931e-31	-308.50968
672000	4.8833616e-32	-313.11281
673000	4.225634e-31	-303.74108
674000	8.8257926e-32	-310.54246
675000	1.1411631e-31	-309.42652
676000	3.2939789e-32	-314.82279
677000	5.0839087e-33	-322.93802
678000	2.6089692e-31	-305.83531
679000	5.9797971e-31	-302.23314
680000	1.3226527e-30	-298.78554
681000	2.1720102e-30	-296.63138
682000	2.1260794e-30	-296.72421
683000	1.8404947e-30	-297.35065
684000	2.1708988e-30	-296.6336
685000	7.2637766e-31	-301.38838
686000	3.929181e-31	-304.05698
687000	1.5483157e-31	-308.1014
688000	1.2237619e-31	-309.12303
689000	1.2531987e-31	-309.0198
690000	3.4152602e-32	-314.66576
691000	2.0469815e-31	-306.88886
692000	2.1992464e-32	-316.57726
693000	3.4840823e-32	-314.57912
694000	1.9105774e-31	-307.18835
695000	2.7248817e-31	-305.64652
696000	1.6948758e-31	-307.70862
697000	1.7789479e-31	-307.49837
698000	2.7184032e-31	-305.65686
699000	2.5264402e-32	-315.97491
700000	9.6387092e-33	-320.15981
701000	9.2441437e-32	-310.34133
702000	1.3167471e-31	-308.80498
703000	5.7593308e-32	-312.39628
704000	3.662484e-32	-314.36224
705000	9.4001955e-32	-310.26863
706000	1.3900015e-32	-318.56985
707000	2.1620951e-31	-306.65125
708000	3.5558407e-31	-304.49058
709000	1.3912205e-32	-318.56604
710000	5.9171667e-32	-312.27886
711000	5.2686429e-32	-312.78301
712000	2.7592368e-31	-305.59211
713000	3.4882679e-31	-304.5739
714000	1.0323003e-31	-309.86194
715000	5.6958093e-32	-312.44445
716000	3.7476888e-32	-314.26236
717000	7.9054011e-32	-311.02076
718000	4.0680756e-31	-303.90611
719000	4.8402564e-31	-303.15132
720000	4.7973856e-31	-303.18995
721000	8.2764331e-31	-300.82157
722000	5.241535e-31	-302.80542
723000	1.9083868e-33	-327.19334
724000	2.1642208e-31	-306.64698
725000	1.2935565e-33	-328.88215
726000	5.2516168e-32	-312.79707
727000	6.8794383e-33	-321.62447
728000	2.0750031e-32	-316.82981
729000	3.4890106e-32	-314.57298
730000	2.7797202e-32	-315.55999
731000	1.6150377e-32	-317.91817
732000	7.0831054e-32	-311.49776
733000	2.1881589e-32	-316.59921
734000	9.7714916e-32	-310.10039
735000	2.8471735e-32	-315.45586
736000	3.8512946e-32	-314.14393
737000	2.19994e-32	-316.57589
738000	1.420868e-32	-318.47446
739000	7.7554049e-32	-311.10396
740000	1.6391311e-31	-307.85386
741000	2.0954333e-32	-316.78726
742000	2.617409e-31	-305.82128
743000	2.739137e-31	-305.62386
744000	1.1670397e-31	-309.32914
745000	4.6470618e-32	-313.32822
746000	3.9258133e-32	-314.0607
747000	3.1362805e-32	-315.03585
748000	2.5066222e-32	-316.00911
749000	5.9994199e-33	-322.21891
750000	4.2357517e-32	-313.7307
751000	6.0425752e-32	-312.18778
752000	2.1431259e-31	-306.68952
753000	3.5449156e-31	-304.50394
754000	5.2101882e-31	-302.83147
755000	4.4888435e-31	-303.47866
756000	3.4302136e-31	-304.64679
757000	3.2575118e-31	-304.87114
758000	1.1030566e-31	-309.57402
759000	8.6403184e-32	-310.6347
760000	5.9962923e-32	-312.22117
761000	2.6394604e-31	-305.78485
762000	9.3716403e-32	-310.28184
763000	1.537883e-31	-308.13077
764000	1.8976788e-32	-317.21777
765000	1.420097e-31	-308.47682
766000	1.5854788e-31	-307.9984
767000	3.6476751e-31	-304.37984
768000	4.8440953e-31	-303.14787
769000	4.1935042e-31	-303.77423
770000	8.0066322e-31	-300.9655
771000	6.4247308e-31	-301.92145
772000	1.2436849e-30	-299.0529
773000	1.7726723e-31	-307.51372
774000	1.15088e-31	-309.3897
775000	4.6827268e-32	-313.29501
776000	3.4069632e-31	-304.67633
777000	4.0123911e-31	-303.96597
778000	1.540192e-30	-298.12425
779000	2.8960291e-30	-295.38197
780000	1.1083602e-30	-299.55319
781000	3.2019483e-30	-294.94586
782000	6.9189937e-31	-301.59957
783000	3.7594151e-31	-304.2488
784000	2.0120072e-31	-306.9637
785000	4.5252541e-32	-313.44357
786000	3.1708954e-33	-324.98818
787000	1.1802393e-31	-309.2803
788000	6.2248499e-33	-322.05871
789000	7.0738053e-32	-311.50347
790000	7.5698663e-32	-311.20912
791000	1.0506711e-32	-319.78533
792000	5.1666549e-31	-302.86791
793000	1.7072008e-31	-307.67715
794000	3.1296797e-31	-305.045
795000	3.9551115e-31	-304.02841
796000	3.0413024e-31	-305.1694
797000	3.8609427e-32	-314.13307
798000	7.4946101e-33	-321.25251
799000	6.631471e-32	-311.7839
800000	1.0418317e-31	-309.82202
801000	3.4767063e-32	-314.58832
802000	9.8695939e-32	-310.05701
803000	3.0336875e-31	-305.18029
804000	3.7583461e-31	-304.25003
805000	2.6206992e-31	-305.81583
806000	9.0419779e-32	-310.43737
807000	5.9355754e-32	-312.26537
808000	1.8435744e-32	-317.34339
809000	1.0392689e-32	-319.83272
810000	2.9455785e-32	-315.30829
811000	1.0214271e-31	-309.90793
812000	4.2240463e-32	-313.74271
813000	2.088524e-31	-306.80161
814000	1.4000121e-31	-308.53868
815000	6.7547072e-31	-301.70393
816000	2.4726616e-31	-306.06835
817000	2.0287898e-32	-316.92763
818000	1.1145394e-31	-309.52905
819000	6.5993984e-32	-311.80496
820000	1.268123e-31	-308.96839
821000	1.7115659e-31	-307.66606
822000	2.7981921e-32	-315.53122
823000	1.1090841e-32	-319.55036
824000	1.3114036e-31	-308.82264
825000	2.8557922e-31	-305.44273
826000	4.2867294e-31	-303.67874
827000	1.0771235e-31	-309.67734
828000	1.5063026e-31	-308.22088
829000	6.1908373e-32	-312.08251
830000	2.1029635e-31	-306.77168
831000	3.948119e-31	-304.0361
832000	2.6515228e-31	-305.76505
833000	2.1303848e-31	-306.71542
834000	3.1470324e-32	-315.02099
835000	1.4346947e-31	-308.4324
836000	6.5298879e-31	-301.85094
837000	1.2466884e-30	-299.04242
838000	3.0071218e-30	-295.21849
839000	2.0603093e-30	-296.86068
840000	2.6692308e-30	-295.73614
841000	2.2444133e-30	-296.48897
842000	5.624352e-31	-302.49928
843000	2.7796807e-31	-305.56005
844000	1.0528034e-31	-309.77653
845000	5.6252706e-32	-312.49857
846000	1.8672058e-31	-307.28808
847000	3.1383184e-31	-305.03303
848000	2.8972185e-31	-305.38019
849000	1.0519508e-31	-309.78005
850000	5.6896609e-32	-312.44914
851000	1.2974973e-31	-308.86894
852000	6.1823872e-31	-302.08844
853000	2.1171681e-32	-316.74245
854000	3.8257375e-32	-314.17285
855000	1.0051579e-32	-319.97766
856000	1.1830083e-31	-309.27012
857000	1.2833712e-31	-308.91648
858000	2.2097055e-31	-306.55666
859000	4.5254702e-31	-303.44336
860000	1.5936598e-31	-307.97604
861000	8.1504761e-31	-300.88817
862000	6.0682401e-31	-302.16937
863000	1.582686e-30	-298.00605
864000	1.7085437e-30	-297.67374
865000	8.5747594e-31	-300.66778
866000	6.8826765e-32	-311.62243
867000	5.4631795e-31	-302.62555
868000	7.5316618e-31	-301.23109
869000	6.7753595e-31	-301.69068
870000	5.229827e-31	-302.81513
871000	1.5626036e-31	-308.06151
872000	6.5111945e-31	-301.86339
873000	8.7315611e-31	-300.58908
874000	1.6478573e-30	-297.8308
875000	1.0800395e-30	-299.6656
876000	2.3093795e-31	-306.36505
877000	2.0881039e-31	-306.80248
878000	8.1021995e-31	-300.91397
879000	2.7773858e-30	-295.56364
880000	4.2462191e-30	-293.71998
881000	4.9461242e-30	-293.05735
882000	3.7088475e-30	-294.30761
883000	2.5384611e-30	-295.95429
884000	5.6113542e-31	-302.50932
885000	3.4904938e-32	-314.57113
886000	2.657632e-31	-305.75505
887000	7.5696928e-31	-301.20922
888000	1.4155017e-30	-298.4909
889000	1.4540741e-30	-298.37413
890000	2.6963243e-30	-295.69228
891000	2.1878626e-30	-296.5998
892000	5.1202885e-30	-292.90706
893000	5.8493774e-30	-292.3289
894000	9.5463008e-30	-290.20165
895000	1.2629006e-29	-288.98631
896000	2.1800066e-29	-286.61542
897000	4.2760514e-29	-283.68957
898000	1.3958497e-28	-278.55161
899000	0.25	-6.0205999
900000	0.25	-6.0205999
901000	2.0580434e-28	-276.86545
902000	6.1639643e-29	-282.1014
903000	2.8352431e-29	-285.4741
904000	1.669012e-29	-287.77541
905000	1.221478e-29	-289.13114
906000	9.2105881e-30	-290.35713
907000	6.7215704e-30	-291.72529
908000	5.4897111e-30	-292.60451
909000	4.8149211e-30	-293.17411
910000	3.165895e-30	-294.99503
911000	1.7476594e-30	-297.57543
912000	2.3852848e-30	-296.2246
913000	2.7485785e-30	-295.60892
914000	2.5207236e-30	-295.98475
915000	1.9475228e-30	-297.10517
916000	1.0436038e-30	-299.81464
917000	1.1885799e-30	-299.24972
918000	1.4131165e-30	-298.49822
919000	1.8765814e-30	-297.26633
920000	1.819708e-30	-297.39998
921000	1.7835055e-30	-297.48726
922000	4.7211401e-31	-303.25953
923000	9.6674255e-31	-300.14689
924000	1.8971807e-31	-307.21891
925000	7.1832086e-32	-311.43682
926000	4.0373594e-31	-303.93903
927000	6.6748889e-31	-301.75556
928000	7.4569282e-31	-301.2744
929000	3.6511597e-31	-304.37569
930000	3.6586335e-31	-304.36681
931000	2.2817715e-31	-306.41728
932000	4.9624818e-31	-303.04301
933000	5.4499888e-31	-302.63604
934000	7.7786583e-31	-301.09095
935000	2.3219287e-31	-306.34151
936000	6.9035372e-31	-301.60928
937000	4.192075e-31	-303.77571
938000	5.9821257e-31	-302.23144
939000	6.0561243e-31	-302.17805
940000	6.2729276e-31	-302.0253
941000	2.3585411e-31	-306.27357
942000	2.0198038e-31	-306.94691
943000	2.9087873e-31	-305.36288
944000	1.5996654e-31	-307.95971
945000	2.40503e-31	-306.18879
946000	4.6951442e-31	-303.28351
947000	5.7361817e-32	-312.41377
948000	4.9108007e-31	-303.08848
949000	3.0903725e-31	-305.09989
950000	3.9890924e-31	-303.99126
951000	2.4021058e-31	-306.19408
952000	2.0112973e-31	-306.96524
953000	2.7230168e-31	-305.6495
954000	3.7909771e-31	-304.21249
955000	5.7996445e-31	-302.36599
956000	6.6569984e-31	-301.76722
957000	1.1362098e-30	-299.44541
958000	1.4927155e-30	-298.26023
959000	1.6258191e-30	-297.88928
960000	1.5759155e-30	-298.02467
961000	1.8960397e-30	-297.22153
962000	1.3275752e-30	-298.76941
963000	7.245266e-31	-301.39946
964000	1.4698128e-31	-308.32738
965000	1.1300305e-31	-309.4691
966000	2.2092624e-31	-306.55753
967000	3.1632553e-31	-304.99866
968000	7.9308003e-31	-301.00683
969000	3.0875995e-33	-325.10379
970000	1.0037349e-30	-299.98381
971000	3.2607208e-31	-304.86686
972000	2.110081e-30	-296.75701
973000	7.3247535e-32	-311.35207
974000	9.7855692e-31	-300.09414
975000	1.6184765e-31	-307.90894
976000	3.3594578e-32	-314.73731
977000	2.7341674e-31	-305.63175
978000	6.5164675e-31	-301.85988
979000	8.9872998e-31	-300.46371
980000	1.9900311e-30	-297.0114
981000	2.1790767e-30	-296.61727
982000	2.8850465e-30	-295.39847
983000	2.2630462e-30	-296.45307
984000	2.4428378e-31	-306.12105
985000	4.7858749e-31	-303.20039
986000	7.3645032e-31	-301.32857
987000	5.7156031e-31	-302.42938
988000	5.2698074e-31	-302.78205
989000	2.2896028e-32	-316.4024
990000	1.1103501e-31	-309.5454
991000	1.9640273e-31	-307.06852
992000	1.9324123e-31	-307.139
993000	4.3465423e-31	-303.61856
994000	2.0634654e-31	-306.85403
995000	2.6851092e-32	-315.71038
996000	3.4718678e-31	-304.59437
997000	1.26971e-32	-318.96295
998000	3.7170136e-32	-314.29806
999000	1.8883742e-31	-307.23912
