0	1.3123933e-32	-318.81936
1000	2.4283139e-32	-316.14695
2000	0.25	-6.0205999
3000	8.6794084e-33	-320.6151
4000	1.3819706e-33	-328.59501
5000	5.0776225e-34	-332.9434
6000	1.147036e-34	-339.40423
7000	1.2746141e-34	-338.94621
8000	7.8474926e-35	-341.05269
9000	2.4659665e-35	-346.08013
10000	2.9414213e-34	-335.31443
11000	3.2055522e-35	-344.94097
12000	2.2245312e-35	-346.52762
13000	1.5866777e-35	-347.99511
14000	9.8362469e-35	-340.07171
15000	2.1290681e-36	-356.7181
16000	2.4133536e-35	-346.17379
17000	8.2820613e-36	-350.81862
18000	3.0934749e-35	-345.09553
19000	2.4914069e-36	-356.03555
20000	1.7558585e-36	-357.5551
21000	1.4868025e-36	-358.27747
22000	4.0213747e-35	-343.95625
23000	3.9867189e-36	-353.99384
24000	7.076792e-36	-351.50164
25000	4.3753444e-38	-373.58988
26000	4.1261192e-35	-343.84458
27000	6.2120394e-36	-352.06766
28000	6.3069519e-38	-372.0018
29000	6.5199251e-35	-341.85757
30000	2.4130179e-35	-346.17439
31000	8.0568131e-36	-350.93837
32000	1.4393619e-36	-358.4183
33000	7.058584e-35	-341.51282
34000	3.9333066e-35	-344.05242
35000	6.9761056e-36	-351.56387
36000	6.8449307e-36	-351.64631
37000	3.0414561e-36	-355.16918
38000	6.8506427e-36	-351.64269
39000	2.2694307e-36	-356.44083
40000	1.5898194e-36	-357.98652
41000	1.2399807e-35	-349.06585
42000	4.7684573e-34	-333.21622
43000	2.075008e-35	-346.8298
44000	2.3498427e-35	-346.28961
45000	1.3076575e-35	-348.83506
46000	4.7055311e-35	-343.27391
47000	4.7330206e-35	-343.24862
48000	1.7389199e-35	-347.5972
49000	6.6714439e-36	-351.7578
50000	1.2327408e-35	-349.09128
51000	3.1487463e-36	-355.01862
52000	6.3808724e-36	-351.9512
53000	2.4681037e-36	-356.07637
54000	1.0809809e-34	-339.66182
55000	3.070466e-36	-355.12796
56000	4.4112793e-36	-353.55435
57000	4.1595713e-36	-353.80951
58000	1.3023241e-35	-348.85281
59000	4.4034874e-36	-353.56203
60000	2.5003996e-36	-356.01991
61000	5.0970455e-36	-352.92681
62000	3.9800134e-35	-344.00115
63000	6.8050401e-37	-361.67169
64000	1.443044e-35	-348.4072
65000	1.476306e-35	-348.30824
66000	1.267409e-35	-348.97083
67000	3.0293446e-36	-355.18651
68000	1.9309581e-37	-367.14227
69000	1.9311539e-36	-357.14183
70000	7.6823612e-36	-351.14505
71000	1.150781e-36	-359.39007
72000	6.2462151e-36	-352.04383
73000	1.8034262e-35	-347.43902
74000	8.1686444e-35	-340.8785
75000	5.8970566e-35	-342.29365
76000	1.7176466e-35	-347.65066
77000	1.8846806e-35	-347.24762
78000	8.7681475e-34	-330.57092
79000	4.234063e-35	-343.73243
80000	1.0745999e-35	-349.68753
81000	2.3955689e-36	-356.20591
82000	1.1599426e-34	-339.35563
83000	7.5127796e-36	-351.24199
84000	4.416268e-36	-353.54945
85000	1.158338e-36	-359.36165
86000	2.5403708e-35	-345.95103
87000	2.8311548e-35	-345.48036
88000	3.0451105e-36	-355.16397
89000	1.5342982e-35	-348.1409
90000	1.082855e-36	-359.6543
91000	1.3714386e-35	-348.62824
92000	9.6883845e-36	-350.13749
93000	1.3835858e-35	-348.58994
94000	1.6135665e-36	-357.92213
95000	9.0384087e-36	-350.43908
96000	1.7354019e-35	-347.606
97000	6.9549548e-37	-361.57706
98000	1.9692099e-35	-347.05708
99000	2.73057e-36	-355.63747
100000	2.1556312e-37	-366.66426
101000	5.3081026e-39	-382.75061
102000	2.6063965e-35	-345.8396
103000	6.3060363e-36	-352.00244
104000	1.1491431e-35	-349.39626
105000	2.84734e-35	-345.45561
106000	4.946796e-36	-353.05676
107000	2.1981131e-35	-346.5795
108000	1.2961036e-35	-348.8736
109000	2.7153823e-35	-345.66169
110000	6.610592e-35	-341.7976
111000	2.9495887e-35	-345.30239
112000	2.4377802e-35	-346.13005
113000	1.0631864e-35	-349.73391
114000	5.3737021e-35	-342.69726
115000	1.6987314e-34	-337.69875
116000	1.0076546e-35	-349.96688
117000	2.0137357e-34	-336.95998
118000	9.956991e-34	-330.01872
119000	1.389636e-34	-338.57099
120000	1.0016565e-33	-329.99281
121000	8.7028892e-35	-340.60337
122000	6.2857566e-34	-332.01642
123000	1.1257893e-35	-349.48543
124000	1.6126117e-33	-327.9247
125000	4.7529401e-34	-333.23038
126000	1.8096963e-35	-347.42394
127000	1.035785e-34	-339.8473
128000	8.631891e-35	-340.63894
129000	1.3829604e-35	-348.5919
130000	4.889168e-35	-343.10765
131000	4.0235416e-35	-343.95392
132000	8.3176866e-36	-350.79997
133000	2.1329462e-35	-346.7102
134000	1.0777781e-35	-349.67471
135000	7.2648227e-36	-351.38775
136000	8.4747907e-36	-350.71871
137000	1.0832124e-35	-349.65286
138000	7.6962088e-35	-341.13723
139000	1.7765126e-35	-347.50432
140000	5.3709617e-36	-352.69948
141000	1.0870238e-35	-349.63761
142000	2.8970624e-35	-345.38042
143000	1.065599e-35	-349.72406
144000	1.8287398e-35	-347.37848
145000	8.0729635e-37	-360.92967
146000	1.0699702e-35	-349.70628
147000	4.8450084e-36	-353.14705
148000	2.1225259e-35	-346.73147
149000	4.4593025e-35	-343.50733
150000	3.4398637e-35	-344.63459
151000	9.109204e-36	-350.4052
152000	2.9110583e-36	-355.35949
153000	6.8053883e-35	-341.67147
154000	1.3817494e-34	-338.59571
155000	1.1913646e-35	-349.23955
156000	5.6339962e-36	-352.49183
157000	1.4502197e-36	-358.38566
158000	1.5427761e-34	-338.11697
159000	8.5721576e-37	-360.6691
160000	1.6883411e-36	-357.7254
161000	3.1425934e-36	-355.02712
162000	1.7669359e-35	-347.52779
163000	9.0717318e-36	-350.4231
164000	2.710061e-36	-355.67021
165000	3.0419169e-35	-345.16853
166000	1.0739195e-34	-339.69028
167000	1.8970142e-35	-347.21929
168000	1.9321243e-35	-347.13965
169000	4.1926714e-35	-343.77509
170000	5.5223812e-36	-352.57874
171000	2.7602936e-36	-355.59045
172000	2.7479577e-36	-355.6099
173000	3.0134259e-36	-355.20939
174000	1.6776214e-35	-347.75306
175000	1.1653592e-35	-349.3354
176000	1.1767824e-35	-349.29304
177000	2.5962013e-37	-365.85662
178000	3.0694212e-36	-355.12944
179000	2.0864581e-36	-356.8059
180000	1.0086319e-35	-349.96267
181000	7.7443853e-36	-351.11013
182000	7.353734e-36	-351.33492
183000	2.4543941e-36	-356.10056
184000	2.4833136e-35	-346.04968
185000	5.6135604e-36	-352.50762
186000	8.7005799e-38	-370.60452
187000	8.0915056e-36	-350.91971
188000	1.0926647e-35	-349.61513
189000	1.3158435e-35	-348.80796
190000	1.0150206e-34	-339.93525
191000	1.4118052e-35	-348.50225
192000	1.9876909e-35	-347.01651
193000	1.7987976e-35	-347.45018
194000	1.3177763e-34	-338.80158
195000	1.0740958e-34	-339.68957
196000	9.759956e-35	-340.10552
197000	4.2156827e-35	-343.75132
198000	8.2384293e-34	-330.84156
199000	8.3112402e-35	-340.80334
200000	5.6735201e-35	-342.46147
201000	2.5579515e-35	-345.92108
202000	2.0373691e-34	-336.9093
203000	4.3025635e-36	-353.66273
204000	6.1575137e-36	-352.10595
205000	2.4198934e-36	-356.16204
206000	3.6369625e-35	-344.39261
207000	6.7891109e-36	-351.68187
208000	1.5022056e-35	-348.23271
209000	1.2003581e-35	-349.20689
210000	3.6539823e-35	-344.37234
211000	9.2729537e-36	-350.32782
212000	8.8020533e-37	-360.55416
213000	2.0133706e-35	-346.96076
214000	1.3013963e-35	-348.8559
215000	2.3750833e-36	-356.24321
216000	2.9979477e-36	-355.23176
217000	1.5147827e-36	-358.1965
218000	1.4158474e-35	-348.48984
219000	1.1250701e-37	-369.4882
220000	1.3742038e-35	-348.61949
221000	7.0507221e-36	-351.51766
222000	4.1042558e-35	-343.86766
223000	1.6330157e-36	-357.8701
224000	4.9850181e-36	-353.02333
225000	9.8327132e-36	-350.07327
226000	1.835487e-35	-347.36249
227000	5.5753339e-36	-352.53729
228000	1.5153389e-35	-348.1949
229000	1.4826159e-35	-348.28971
230000	7.3797876e-35	-341.31956
231000	5.4724521e-36	-352.61818
232000	1.2900829e-35	-348.89382
233000	5.0055755e-36	-353.00546
234000	3.1153583e-35	-345.06492
235000	1.3924322e-35	-348.56226
236000	2.9154716e-35	-345.35291
237000	3.6701585e-35	-344.35315
238000	9.586124e-35	-340.18357
239000	7.6215546e-35	-341.17956
240000	3.724197e-34	-334.28967
241000	3.0388408e-34	-335.17292
242000	3.4839036e-34	-334.57934
243000	3.0887049e-35	-345.10224
244000	5.6909517e-34	-332.44815
245000	2.0485846e-34	-336.88546
246000	1.8933854e-35	-347.22761
247000	3.7484732e-35	-344.26146
248000	3.0955463e-35	-345.09263
249000	1.8429249e-35	-347.34492
250000	5.5286706e-35	-342.57379
251000	7.1445411e-37	-361.46026
252000	1.8066838e-35	-347.43118
253000	5.0941762e-36	-352.92926
254000	1.4573924e-34	-338.36424
255000	4.3603736e-36	-353.60476
256000	4.2983617e-36	-353.66697
257000	8.3746956e-37	-360.77031
258000	7.8808768e-35	-341.03425
259000	6.7322685e-37	-361.71839
260000	2.5931084e-35	-345.86179
261000	5.2407106e-36	-352.8061
262000	8.0920355e-37	-360.91942
263000	9.2541947e-36	-350.33661
264000	3.9611127e-36	-354.02183
265000	1.725831e-36	-357.63002
266000	5.1768909e-35	-342.85931
267000	2.0366541e-36	-356.91083
268000	2.5223384e-36	-355.98197
269000	2.0813688e-35	-346.81651
270000	2.4303854e-35	-346.14325
271000	5.3789324e-35	-342.69304
272000	1.3750995e-35	-348.61666
273000	1.4725434e-35	-348.31932
274000	2.9752429e-37	-365.26478
275000	3.9490169e-35	-344.03511
276000	6.4872578e-35	-341.87939
277000	1.1250466e-36	-359.48829
278000	1.8855452e-35	-347.24563
279000	6.7393742e-36	-351.7138
280000	1.557388e-36	-358.07603
281000	4.2445533e-36	-353.72168
282000	5.8721446e-35	-342.31203
283000	3.1136435e-36	-355.06731
284000	1.6743856e-36	-357.76145
285000	9.648694e-36	-350.15531
286000	1.3748038e-35	-348.61759
287000	2.1010238e-35	-346.77569
288000	1.5521612e-36	-358.09063
289000	2.2038888e-35	-346.5681
290000	9.4513077e-35	-340.24508
291000	1.1046801e-35	-349.56763
292000	3.6620984e-36	-354.3627
293000	2.3037687e-36	-356.37561
294000	2.1520936e-34	-336.67139
295000	4.5111565e-36	-353.45712
296000	7.0521267e-36	-351.5168
297000	8.6160549e-37	-360.64692
298000	3.7837893e-36	-354.22073
299000	1.8514186e-36	-357.32495
300000	1.996529e-35	-346.99724
301000	1.5424872e-36	-358.11778
302000	2.6344773e-36	-355.79306
303000	4.0560741e-36	-353.91894
304000	6.9301457e-36	-351.59258
305000	5.120154e-36	-352.90717
306000	1.393796e-35	-348.55801
307000	3.7186855e-37	-364.29611
308000	1.0218113e-35	-349.90629
309000	2.0541586e-35	-346.87366
310000	6.7822784e-36	-351.68624
311000	5.1896215e-36	-352.84864
312000	9.263193e-36	-350.33239
313000	8.2821851e-36	-350.81855
314000	1.6277014e-35	-347.88425
315000	1.4868928e-34	-338.2772
316000	3.0171441e-34	-335.20404
317000	2.6096313e-34	-335.83421
318000	4.1122617e-35	-343.85919
319000	1.5746662e-34	-338.02811
320000	2.6125121e-34	-335.82942
321000	2.5037961e-34	-336.01401
322000	3.0512807e-36	-355.15518
323000	3.9309375e-36	-354.05504
324000	1.6118265e-35	-347.92682
325000	1.7752819e-35	-347.50733
326000	1.4129778e-35	-348.49865
327000	1.2125412e-36	-359.16304
328000	6.5059961e-36	-351.86686
329000	1.3287072e-35	-348.76571
330000	2.1360452e-35	-346.7039
331000	1.2285838e-35	-349.10595
332000	2.3883809e-38	-376.21896
333000	9.9087869e-36	-350.0398
334000	8.1138334e-36	-350.90774
335000	8.3049951e-36	-350.80661
336000	8.7541315e-36	-350.57787
337000	1.309963e-36	-358.82741
338000	8.84634e-35	-340.53236
339000	1.3270722e-36	-358.77105
340000	7.8474868e-36	-351.05269
341000	2.8374406e-36	-355.47073
342000	6.0236185e-35	-342.20143
343000	4.5285845e-36	-353.44038
344000	2.0911184e-37	-366.79621
345000	9.6373383e-37	-360.16043
346000	1.1104578e-35	-349.54498
347000	1.2105215e-35	-349.17027
348000	2.7392648e-35	-345.62366
349000	1.1002883e-35	-349.58494
350000	2.3831391e-35	-346.22851
351000	5.8435915e-36	-352.3332
352000	9.6601329e-36	-350.15017
353000	3.0415176e-36	-355.1691
354000	2.8377399e-35	-345.47027
355000	5.1111435e-37	-362.91482
356000	6.4808877e-36	-351.88366
357000	8.831679e-36	-350.53957
358000	1.2223486e-34	-339.12805
359000	9.0001327e-36	-350.45751
360000	1.4836063e-34	-338.28681
361000	5.6583339e-35	-342.47311
362000	5.4613781e-34	-332.62698
363000	5.8615485e-35	-342.31988
364000	5.3739188e-35	-342.69709
365000	5.5652706e-36	-352.54514
366000	1.7289222e-34	-337.62225
367000	9.3931351e-35	-340.27189
368000	2.7365393e-36	-355.62798
369000	2.338044e-35	-346.31147
370000	1.138568e-35	-349.43641
371000	3.1557413e-36	-355.00899
372000	8.307744e-36	-350.80517
373000	6.4393235e-36	-351.9116
374000	1.3218696e-35	-348.78811
375000	8.0409276e-37	-360.94694
376000	2.3762335e-35	-346.24111
377000	6.985942e-36	-351.55775
378000	1.791863e-35	-347.46695
379000	1.541075e-36	-358.12176
380000	1.1240371e-35	-349.49219
381000	2.4841599e-36	-356.0482
382000	2.6270547e-35	-345.80531
383000	7.6291259e-36	-351.17525
384000	1.6106415e-36	-357.93001
385000	7.9377665e-36	-351.00302
386000	4.5520669e-35	-343.41791
387000	3.4552814e-36	-354.61517
388000	1.2309938e-35	-349.09744
389000	5.6896699e-36	-352.44913
390000	8.9509234e-35	-340.48132
391000	4.7004271e-35	-343.27863
392000	9.3064776e-35	-340.31215
393000	1.2885881e-35	-348.89886
394000	4.8216915e-35	-343.16801
395000	6.6432349e-35	-341.7762
396000	1.7338583e-35	-347.60986
397000	2.6037854e-35	-345.84395
398000	7.5843431e-35	-341.20082
399000	1.2007354e-36	-359.20553
400000	5.936359e-37	-362.2648
401000	1.7251127e-36	-357.63183
402000	2.0143854e-34	-336.95857
403000	2.1858018e-37	-366.60389
404000	7.8297453e-36	-351.06252
405000	1.851189e-36	-357.32549
406000	1.1781609e-35	-349.28795
407000	8.5670779e-36	-350.67167
408000	2.2166428e-35	-346.54304
409000	6.3056899e-36	-352.00267
410000	9.8411175e-36	-350.06956
411000	2.9798541e-35	-345.25805
412000	2.1568153e-35	-346.66187
413000	4.9115177e-37	-363.08784
414000	6.3381024e-35	-341.98041
415000	1.0991563e-35	-349.58941
416000	2.3406486e-36	-356.30664
417000	1.1520762e-36	-359.38519
418000	2.3769503e-36	-356.2398
419000	1.12584e-36	-359.48523
420000	8.7217831e-37	-360.59395
421000	9.0495551e-36	-350.43373
422000	2.7868367e-34	-335.54888
423000	2.9619676e-35	-345.2842
424000	9.6627043e-36	-350.14901
425000	8.3668841e-36	-350.77436
426000	3.3541275e-35	-344.7442
427000	2.6471006e-35	-345.7723
428000	2.082716e-35	-346.8137
429000	1.0281825e-35	-349.8793
430000	3.2872027e-35	-344.83174
431000	5.3195193e-35	-342.74128
432000	5.3989028e-35	-342.67694
433000	8.5185425e-35	-340.69635
434000	7.0717409e-35	-341.50474
435000	1.1517726e-34	-339.38633
436000	9.5597522e-34	-330.19553
437000	2.4979633e-33	-326.02414
438000	3.9889746e-33	-323.99139
439000	9.6347958e-34	-330.16157
440000	9.1022949e-34	-330.40849
441000	2.3821528e-33	-326.2303
442000	1.9378931e-33	-327.1267
443000	7.998046e-34	-330.97016
444000	6.8566113e-35	-341.6389
445000	1.010305e-34	-339.95547
446000	1.2678636e-34	-338.96927
447000	2.3472418e-35	-346.29442
448000	3.5629838e-35	-344.48186
449000	2.9690501e-35	-345.27382
450000	3.6482292e-35	-344.37918
451000	5.0768158e-35	-342.94409
452000	5.2282128e-35	-342.81647
453000	1.6926128e-35	-347.71442
454000	5.8052814e-35	-342.36177
455000	4.8383762e-35	-343.153
456000	6.7750845e-35	-341.69085
457000	6.0863465e-38	-372.15643
458000	1.281078e-36	-358.92424
459000	1.6537997e-36	-357.81517
460000	6.6468561e-36	-351.77384
461000	1.2996625e-36	-358.86169
462000	4.8185194e-35	-343.17086
463000	3.6393515e-37	-364.38976
464000	1.3142406e-36	-358.81325
465000	7.5144749e-36	-351.24101
466000	3.613017e-35	-344.4213
467000	2.3872893e-36	-356.22095
468000	2.1807358e-35	-346.61397
469000	3.4582907e-35	-344.61139
470000	3.5655167e-35	-344.47878
471000	1.2921061e-36	-358.88702
472000	1.0843685e-35	-349.64823
473000	1.4905568e-35	-348.26651
474000	1.0367836e-37	-369.84312
475000	7.2648546e-36	-351.38773
476000	4.8472581e-36	-353.14504
477000	6.2083908e-37	-362.07021
478000	5.7464701e-35	-342.40599
479000	6.7167044e-37	-361.72844
480000	3.4269418e-35	-344.65093
481000	1.0721574e-36	-359.69741
482000	8.9088315e-34	-330.50179
483000	1.3812925e-34	-338.59714
484000	3.5094226e-35	-344.54764
485000	1.2952613e-35	-348.87643
486000	1.7402549e-34	-337.59387
487000	1.3753818e-34	-338.61577
488000	2.1548459e-35	-346.66584
489000	1.2874121e-35	-348.90282
490000	1.2446444e-35	-349.04955
491000	1.1090223e-35	-349.5506
492000	1.5635455e-35	-348.05889
493000	6.2187253e-37	-362.06299
494000	2.3498014e-35	-346.28969
495000	2.6244858e-36	-355.80956
496000	1.0043732e-35	-349.98105
497000	2.2025764e-37	-366.57069
498000	8.7452416e-36	-350.58228
499000	3.6633182e-36	-354.36125
500000	2.2579042e-35	-346.46294
501000	3.6633182e-36	-354.36125
502000	2.600913e-35	-345.84874
503000	2.2025764e-37	-366.57069
504000	1.0043732e-35	-349.98105
505000	2.6244858e-36	-355.80956
506000	2.388634e-35	-346.2185
507000	6.2187253e-37	-362.06299
508000	1.5635455e-35	-348.05889
509000	1.1090223e-35	-349.5506
510000	1.5861418e-35	-347.99658
511000	1.2874121e-35	-348.90282
512000	2.1548459e-35	-346.66584
513000	1.3753818e-34	-338.61577
514000	1.4397488e-34	-338.41713
515000	1.2952613e-35	-348.87643
516000	3.5094226e-35	-344.54764
517000	1.3812925e-34	-338.59714
518000	6.4212363e-34	-331.92381
519000	1.0721574e-36	-359.69741
520000	3.4269418e-35	-344.65093
521000	6.7167044e-37	-361.72844
522000	2.986245e-34	-335.24875
523000	6.2083908e-37	-362.07021
524000	4.8472581e-36	-353.14504
525000	7.2648546e-36	-351.38773
526000	1.2034085e-35	-349.19587
527000	1.4905568e-35	-348.26651
528000	1.0843685e-35	-349.64823
529000	1.2921061e-36	-358.88702
530000	2.6301653e-35	-345.80017
531000	3.4582907e-35	-344.61139
532000	2.1807358e-35	-346.61397
533000	2.3872893e-36	-356.22095
534000	6.594705e-35	-341.80805
535000	7.5144749e-36	-351.24101
536000	1.3142406e-36	-358.81325
537000	3.6393515e-37	-364.38976
538000	1.4047598e-35	-348.52398
539000	1.2996625e-36	-358.86169
540000	6.6468561e-36	-351.77384
541000	1.6537997e-36	-357.81517
542000	1.1551873e-35	-349.37348
543000	6.0863465e-38	-372.15643
544000	6.7750845e-35	-341.69085
545000	4.8383762e-35	-343.153
546000	7.0751351e-35	-341.50265
547000	1.6926128e-35	-347.71442
548000	5.2282128e-35	-342.81647
549000	5.0768158e-35	-342.94409
550000	6.0057113e-35	-342.21436
551000	2.9690501e-35	-345.27382
552000	3.5629838e-35	-344.48186
553000	2.3472418e-35	-346.29442
554000	1.6657486e-34	-337.78391
555000	1.010305e-34	-339.95547
556000	6.8566113e-35	-341.6389
557000	7.998046e-34	-330.97016
558000	1.7928e-33	-327.46468
559000	2.3821528e-33	-326.2303
560000	9.1022949e-34	-330.40849
561000	9.6347958e-34	-330.16157
562000	2.858767e-33	-325.43821
563000	2.4979633e-33	-326.02414
564000	9.5597522e-34	-330.19553
565000	1.1517726e-34	-339.38633
566000	1.4099886e-34	-338.50784
567000	8.5185425e-35	-340.69635
568000	5.3989028e-35	-342.67694
569000	5.3195193e-35	-342.74128
570000	7.4591796e-35	-341.27309
571000	1.0281825e-35	-349.8793
572000	2.082716e-35	-346.8137
573000	2.6471006e-35	-345.7723
574000	4.533412e-35	-343.43575
575000	8.3668841e-36	-350.77436
576000	9.6627043e-36	-350.14901
577000	2.9619676e-35	-345.2842
578000	7.374885e-36	-351.32245
579000	9.0495551e-36	-350.43373
580000	8.7217831e-37	-360.59395
581000	1.12584e-36	-359.48523
582000	3.407613e-35	-344.6755
583000	1.1520762e-36	-359.38519
584000	2.3406486e-36	-356.30664
585000	1.0991563e-35	-349.58941
586000	2.0209351e-35	-346.94448
587000	4.9115177e-37	-363.08784
588000	2.1568153e-35	-346.66187
589000	2.9798541e-35	-345.25805
590000	3.1106526e-36	-355.07148
591000	6.3056899e-36	-352.00267
592000	2.2166428e-35	-346.54304
593000	8.5670779e-36	-350.67167
594000	1.6149447e-35	-347.91842
595000	1.851189e-36	-357.32549
596000	7.8297453e-36	-351.06252
597000	2.1858018e-37	-366.60389
598000	9.567369e-35	-340.19207
599000	1.7251127e-36	-357.63183
600000	5.936359e-37	-362.2648
601000	1.2007354e-36	-359.20553
602000	3.2273702e-35	-344.91151
603000	2.6037854e-35	-345.84395
604000	1.7338583e-35	-347.60986
605000	6.6432349e-35	-341.7762
606000	4.1759842e-36	-353.79241
607000	1.2885881e-35	-348.89886
608000	9.3064776e-35	-340.31215
609000	4.7004271e-35	-343.27863
610000	3.524094e-35	-344.52953
611000	5.6896699e-36	-352.44913
612000	1.2309938e-35	-349.09744
613000	3.4552814e-36	-354.61517
614000	1.2528394e-34	-339.02105
615000	7.9377665e-36	-351.00302
616000	1.6106415e-36	-357.93001
617000	7.6291259e-36	-351.17525
618000	2.0410991e-35	-346.90136
619000	2.4841599e-36	-356.0482
620000	1.1240371e-35	-349.49219
621000	1.541075e-36	-358.12176
622000	1.1163657e-34	-339.52194
623000	6.985942e-36	-351.55775
624000	2.3762335e-35	-346.24111
625000	8.0409276e-37	-360.94694
626000	5.1048295e-37	-362.92019
627000	6.4393235e-36	-351.9116
628000	8.307744e-36	-350.80517
629000	3.1557413e-36	-355.00899
630000	1.3548715e-35	-348.68102
631000	2.338044e-35	-346.31147
632000	2.7365393e-36	-355.62798
633000	9.3931351e-35	-340.27189
634000	2.2252457e-34	-336.52622
635000	5.5652706e-36	-352.54514
636000	5.3739188e-35	-342.69709
637000	5.8615485e-35	-342.31988
638000	1.2167655e-34	-339.14793
639000	5.6583339e-35	-342.47311
640000	1.4836063e-34	-338.28681
641000	9.0001327e-36	-350.45751
642000	1.2117132e-34	-339.166
643000	8.831679e-36	-350.53957
644000	6.4808877e-36	-351.88366
645000	5.1111435e-37	-362.91482
646000	2.752477e-35	-345.60276
647000	3.0415176e-36	-355.1691
648000	9.6601329e-36	-350.15017
649000	5.8435915e-36	-352.3332
650000	1.8202989e-35	-347.39857
651000	1.1002883e-35	-349.58494
652000	2.7392648e-35	-345.62366
653000	1.2105215e-35	-349.17027
654000	3.8983992e-35	-344.09114
655000	9.6373383e-37	-360.16043
656000	2.0911184e-37	-366.79621
657000	4.5285845e-36	-353.44038
658000	3.0531458e-36	-355.15252
659000	2.8374406e-36	-355.47073
660000	7.8474868e-36	-351.05269
661000	1.3270722e-36	-358.77105
662000	1.1044251e-34	-339.56864
663000	1.309963e-36	-358.82741
664000	8.7541315e-36	-350.57787
665000	8.3049951e-36	-350.80661
666000	5.9877909e-36	-352.22733
667000	9.9087869e-36	-350.0398
668000	2.3883809e-38	-376.21896
669000	1.2285838e-35	-349.10595
670000	8.244822e-36	-350.83819
671000	1.3287072e-35	-348.76571
672000	6.5059961e-36	-351.86686
673000	1.2125412e-36	-359.16304
674000	1.3103991e-35	-348.82596
675000	1.7752819e-35	-347.50733
676000	1.6118265e-35	-347.92682
677000	3.9309375e-36	-354.05504
678000	1.7351109e-35	-347.60673
679000	2.5037961e-34	-336.01401
680000	2.6125121e-34	-335.82942
681000	1.5746662e-34	-338.02811
682000	3.6769461e-34	-334.34513
683000	2.6096313e-34	-335.83421
684000	3.0171441e-34	-335.20404
685000	1.4868928e-34	-338.2772
686000	9.6188489e-36	-350.16877
687000	8.2821851e-36	-350.81855
688000	9.263193e-36	-350.33239
689000	5.1896215e-36	-352.84864
690000	1.2190983e-35	-349.13961
691000	2.0541586e-35	-346.87366
692000	1.0218113e-35	-349.90629
693000	3.7186855e-37	-364.29611
694000	2.4859016e-35	-346.04516
695000	5.120154e-36	-352.90717
696000	6.9301457e-36	-351.59258
697000	4.0560741e-36	-353.91894
698000	1.1323675e-35	-349.46013
699000	1.5424872e-36	-358.11778
700000	1.996529e-35	-346.99724
701000	1.8514186e-36	-357.32495
702000	1.8389056e-35	-347.35441
703000	8.6160549e-37	-360.64692
704000	7.0521267e-36	-351.5168
705000	4.5111565e-36	-353.45712
706000	2.1900366e-35	-346.59549
707000	2.3037687e-36	-356.37561
708000	3.6620984e-36	-354.3627
709000	1.1046801e-35	-349.56763
710000	5.7282544e-35	-342.41978
711000	2.2038888e-35	-346.5681
712000	1.5521612e-36	-358.09063
713000	2.1010238e-35	-346.77569
714000	3.7590731e-36	-354.24919
715000	9.648694e-36	-350.15531
716000	1.6743856e-36	-357.76145
717000	3.1136435e-36	-355.06731
718000	1.3367707e-34	-338.73943
719000	4.2445533e-36	-353.72168
720000	1.557388e-36	-358.07603
721000	6.7393742e-36	-351.7138
722000	4.2906259e-35	-343.67479
723000	1.1250466e-36	-359.48829
724000	6.4872578e-35	-341.87939
725000	3.9490169e-35	-344.03511
726000	4.0844315e-36	-353.88868
727000	1.4725434e-35	-348.31932
728000	1.3750995e-35	-348.61666
729000	5.3789324e-35	-342.69304
730000	1.5864932e-36	-357.99562
731000	2.0813688e-35	-346.81651
732000	2.5223384e-36	-355.98197
733000	2.0366541e-36	-356.91083
734000	4.2523105e-35	-343.71375
735000	1.725831e-36	-357.63002
736000	3.9611127e-36	-354.02183
737000	9.2541947e-36	-350.33661
738000	1.0824825e-35	-349.65579
739000	5.2407106e-36	-352.8061
740000	2.5931084e-35	-345.86179
741000	6.7322685e-37	-361.71839
742000	3.8780271e-35	-344.11389
743000	8.3746956e-37	-360.77031
744000	4.2983617e-36	-353.66697
745000	4.3603736e-36	-353.60476
746000	4.6015549e-36	-353.37095
747000	5.0941762e-36	-352.92926
748000	1.8066838e-35	-347.43118
749000	7.1445411e-37	-361.46026
750000	7.6181612e-35	-341.1815
751000	1.8429249e-35	-347.34492
752000	3.0955463e-35	-345.09263
753000	3.7484732e-35	-344.26146
754000	3.9758658e-35	-344.00568
755000	2.0485846e-34	-336.88546
756000	5.6909517e-34	-332.44815
757000	3.0887049e-35	-345.10224
758000	3.3923905e-34	-334.69494
759000	3.0388408e-34	-335.17292
760000	3.724197e-34	-334.28967
761000	7.6215546e-35	-341.17956
762000	1.639012e-34	-337.85418
763000	3.6701585e-35	-344.35315
764000	2.9154716e-35	-345.35291
765000	1.3924322e-35	-348.56226
766000	3.1538699e-35	-345.01156
767000	5.0055755e-36	-353.00546
768000	1.2900829e-35	-348.89382
769000	5.4724521e-36	-352.61818
770000	1.3063797e-36	-358.83931
771000	1.4826159e-35	-348.28971
772000	1.5153389e-35	-348.1949
773000	5.5753339e-36	-352.53729
774000	1.7213887e-35	-347.64121
775000	9.8327132e-36	-350.07327
776000	4.9850181e-36	-353.02333
777000	1.6330157e-36	-357.8701
778000	1.3716365e-35	-348.62761
779000	7.0507221e-36	-351.51766
780000	1.3742038e-35	-348.61949
781000	1.1250701e-37	-369.4882
782000	6.0538392e-35	-342.17969
783000	1.5147827e-36	-358.1965
784000	2.9979477e-36	-355.23176
785000	2.3750833e-36	-356.24321
786000	7.1114364e-36	-351.48043
787000	2.0133706e-35	-346.96076
788000	8.8020533e-37	-360.55416
789000	9.2729537e-36	-350.32782
790000	2.2442882e-36	-356.48921
791000	1.2003581e-35	-349.20689
792000	1.5022056e-35	-348.23271
793000	6.7891109e-36	-351.68187
794000	2.4135994e-35	-346.17335
795000	2.4198934e-36	-356.16204
796000	6.1575137e-36	-352.10595
797000	4.3025635e-36	-353.66273
798000	7.4029474e-34	-331.30595
799000	2.5579515e-35	-345.92108
800000	5.6735201e-35	-342.46147
801000	8.3112402e-35	-340.80334
802000	2.487689e-34	-336.04204
803000	4.2156827e-35	-343.75132
804000	9.759956e-35	-340.10552
805000	1.0740958e-34	-339.68957
806000	3.0430065e-35	-345.16697
807000	1.7987976e-35	-347.45018
808000	1.9876909e-35	-347.01651
809000	1.4118052e-35	-348.50225
810000	7.3890156e-35	-341.31413
811000	1.3158435e-35	-348.80796
812000	1.0926647e-35	-349.61513
813000	8.0915056e-36	-350.91971
814000	2.2352504e-35	-346.50674
815000	5.6135604e-36	-352.50762
816000	2.4833136e-35	-346.04968
817000	2.4543941e-36	-356.10056
818000	1.1098641e-36	-359.5473
819000	7.7443853e-36	-351.11013
820000	1.0086319e-35	-349.96267
821000	2.0864581e-36	-356.8059
822000	1.9527627e-35	-347.09351
823000	2.5962013e-37	-365.85662
824000	1.1767824e-35	-349.29304
825000	1.1653592e-35	-349.3354
826000	5.0021567e-36	-353.00843
827000	3.0134259e-36	-355.20939
828000	2.7479577e-36	-355.6099
829000	2.7602936e-36	-355.59045
830000	2.3014382e-35	-346.38001
831000	4.1926714e-35	-343.77509
832000	1.9321243e-35	-347.13965
833000	1.8970142e-35	-347.21929
834000	6.7313858e-36	-351.71896
835000	3.0419169e-35	-345.16853
836000	2.710061e-36	-355.67021
837000	9.0717318e-36	-350.4231
838000	1.3725547e-34	-338.6247
839000	3.1425934e-36	-355.02712
840000	1.6883411e-36	-357.7254
841000	8.5721576e-37	-360.6691
842000	8.6979472e-35	-340.60583
843000	1.4502197e-36	-358.38566
844000	5.6339962e-36	-352.49183
845000	1.1913646e-35	-349.23955
846000	4.1388194e-35	-343.83124
847000	6.8053883e-35	-341.67147
848000	2.9110583e-36	-355.35949
849000	9.109204e-36	-350.4052
850000	1.7279966e-35	-347.62457
851000	4.4593025e-35	-343.50733
852000	2.1225259e-35	-346.73147
853000	4.8450084e-36	-353.14705
854000	1.789812e-34	-337.47193
855000	8.0729635e-37	-360.92967
856000	1.8287398e-35	-347.37848
857000	1.065599e-35	-349.72406
858000	6.7856926e-35	-341.68406
859000	1.0870238e-35	-349.63761
860000	5.3709617e-36	-352.69948
861000	1.7765126e-35	-347.50432
862000	3.185623e-35	-344.96806
863000	1.0832124e-35	-349.65286
864000	8.4747907e-36	-350.71871
865000	7.2648227e-36	-351.38775
866000	1.3426875e-35	-348.72025
867000	2.1329462e-35	-346.7102
868000	8.3176866e-36	-350.79997
869000	4.0235416e-35	-343.95392
870000	3.6047879e-35	-344.4312
871000	1.3829604e-35	-348.5919
872000	8.631891e-35	-340.63894
873000	1.035785e-34	-339.8473
874000	6.6059877e-35	-341.80062
875000	4.7529401e-34	-333.23038
876000	1.6126117e-33	-327.9247
877000	1.1257893e-35	-349.48543
878000	3.2537861e-33	-324.87611
879000	8.7028892e-35	-340.60337
880000	1.0016565e-33	-329.99281
881000	1.389636e-34	-338.57099
882000	2.6283044e-33	-325.80324
883000	2.0137357e-34	-336.95998
884000	1.0076546e-35	-349.96688
885000	1.6987314e-34	-337.69875
886000	6.2726161e-35	-342.02551
887000	1.0631864e-35	-349.73391
888000	2.4377802e-35	-346.13005
889000	2.9495887e-35	-345.30239
890000	4.5938016e-35	-343.37828
891000	2.7153823e-35	-345.66169
892000	1.2961036e-35	-348.8736
893000	2.1981131e-35	-346.5795
894000	3.0520776e-35	-345.15404
895000	2.84734e-35	-345.45561
896000	1.1491431e-35	-349.39626
897000	6.3060363e-36	-352.00244
898000	2.8117938e-35	-345.51017
899000	5.3081026e-39	-382.75061
900000	2.1556312e-37	-366.66426
901000	2.73057e-36	-355.63747
902000	3.7907694e-35	-344.21273
903000	6.9549548e-37	-361.57706
904000	1.7354019e-35	-347.606
905000	9.0384087e-36	-350.43908
906000	7.692165e-36	-351.13951
907000	1.3835858e-35	-348.58994
908000	9.6883845e-36	-350.13749
909000	1.3714386e-35	-348.62824
910000	1.9195619e-36	-357.16798
911000	1.5342982e-35	-348.1409
912000	3.0451105e-36	-355.16397
913000	2.8311548e-35	-345.48036
914000	4.2211085e-35	-343.74573
915000	1.158338e-36	-359.36165
916000	4.416268e-36	-353.54945
917000	7.5127796e-36	-351.24199
918000	5.708488e-34	-332.43479
919000	2.3955689e-36	-356.20591
920000	1.0745999e-35	-349.68753
921000	4.234063e-35	-343.73243
922000	2.1845169e-34	-336.60645
923000	1.8846806e-35	-347.24762
924000	1.7176466e-35	-347.65066
925000	5.8970566e-35	-342.29365
926000	8.3856756e-35	-340.76462
927000	1.8034262e-35	-347.43902
928000	6.2462151e-36	-352.04383
929000	1.150781e-36	-359.39007
930000	2.213398e-36	-356.5494
931000	1.9311539e-36	-357.14183
932000	1.9309581e-37	-367.14227
933000	3.0293446e-36	-355.18651
934000	6.4397637e-35	-341.9113
935000	1.476306e-35	-348.30824
936000	1.443044e-35	-348.4072
937000	6.8050401e-37	-361.67169
938000	8.2880552e-36	-350.81547
939000	5.0970455e-36	-352.92681
940000	2.5003996e-36	-356.01991
941000	4.4034874e-36	-353.56203
942000	1.5970786e-35	-347.96674
943000	4.1595713e-36	-353.80951
944000	4.4112793e-36	-353.55435
945000	3.070466e-36	-355.12796
946000	1.6005194e-35	-347.95739
947000	2.4681037e-36	-356.07637
948000	6.3808724e-36	-351.9512
949000	3.1487463e-36	-355.01862
950000	3.2396975e-35	-344.89496
951000	6.6714439e-36	-351.7578
952000	1.7389199e-35	-347.5972
953000	4.7330206e-35	-343.24862
954000	3.5368348e-35	-344.51385
955000	1.3076575e-35	-348.83506
956000	2.3498427e-35	-346.28961
957000	2.075008e-35	-346.8298
958000	2.628937e-33	-325.8022
959000	1.2399807e-35	-349.06585
960000	1.5898194e-36	-357.98652
961000	2.2694307e-36	-356.44083
962000	5.6238242e-34	-332.49968
963000	3.0414561e-36	-355.16918
964000	6.8449307e-36	-351.64631
965000	6.9761056e-36	-351.56387
966000	1.3776245e-35	-348.60869
967000	7.058584e-35	-341.51282
968000	1.4393619e-36	-358.4183
969000	8.0568131e-36	-350.93837
970000	6.4004935e-36	-351.93787
971000	6.5199251e-35	-341.85757
972000	6.3069519e-38	-372.0018
973000	6.2120394e-36	-352.06766
974000	1.8674543e-36	-357.2875
975000	4.3753444e-38	-373.58988
976000	7.076792e-36	-351.50164
977000	3.9867189e-36	-353.99384
978000	3.8801358e-35	-344.11153
979000	1.4868025e-36	-358.27747
980000	1.7558585e-36	-357.5551
981000	2.4914069e-36	-356.03555
982000	1.6653088e-34	-337.78505
983000	8.2820613e-36	-350.81862
984000	2.4133536e-35	-346.17379
985000	2.1290681e-36	-356.7181
986000	1.3884619e-34	-338.57466
987000	1.5866777e-35	-347.99511
988000	2.2245312e-35	-346.52762
989000	3.2055522e-35	-344.94097
990000	5.4771191e-35	-342.61448
991000	2.4659665e-35	-346.08013
992000	7.8474926e-35	-341.05269
993000	1.2746141e-34	-338.94621
994000	2.7117088e-34	-335.66757
995000	5.0776225e-34	-332.9434
996000	1.3819706e-33	-328.59501
997000	8.6794084e-33	-320.6151
998000	0.25	-6.0205999
999000	2.4283139e-32	-316.14695
