0	1.8898926e-32	-317.23563
1000	1.9668635e-32	-317.06226
2000	2.3656697e-32	-316.26046
3000	2.4751508e-32	-316.06398
4000	2.5486752e-32	-315.93686
5000	2.9950806e-32	-315.23591
6000	3.6045195e-32	-314.43153
7000	5.1438298e-32	-312.88713
8000	7.4620839e-32	-311.2714
9000	9.6364501e-32	-310.16083
10000	0.25	-6.0205999
11000	0.25	-6.0205999
12000	7.9733666e-31	-300.98358
13000	1.4314288e-31	-308.4423
14000	5.3588732e-32	-312.70927
15000	3.3485168e-32	-314.75148
16000	1.6269635e-32	-317.88622
17000	1.0449516e-32	-319.80904
18000	7.7659121e-33	-321.09808
19000	8.4397995e-33	-320.73668
20000	4.7491146e-33	-323.23387
21000	6.5461341e-34	-331.84015
22000	3.5781632e-33	-324.4634
23000	1.8732329e-33	-327.27408
24000	1.3987428e-33	-328.54262
25000	2.4707628e-33	-326.07169
26000	6.2510533e-34	-332.04047
27000	5.7181922e-34	-332.42741
28000	1.1802124e-33	-329.2804
29000	1.9727877e-33	-327.0492
30000	1.2640735e-33	-328.98228
31000	7.8015238e-34	-331.07821
32000	1.3408152e-33	-328.72631
33000	1.9199424e-35	-347.16712
34000	1.2787599e-33	-328.93211
35000	5.1475346e-34	-332.88401
36000	9.2653074e-34	-330.3314
37000	4.2829853e-34	-333.68253
38000	3.8812233e-34	-334.11031
39000	1.779515e-34	-337.49698
40000	2.8353965e-34	-335.47386
41000	5.5807073e-34	-332.53311
42000	4.410634e-36	-353.55499
43000	3.8515646e-34	-334.14363
44000	4.351775e-34	-333.61334
45000	3.7454363e-34	-334.26498
46000	6.466736e-34	-331.89315
47000	1.1531534e-33	-329.38113
48000	8.6607768e-35	-340.62443
49000	2.6432092e-34	-335.77868
50000	7.4726192e-34	-331.26527
51000	2.0518394e-34	-336.87857
52000	2.6990789e-34	-335.68784
53000	9.5245287e-34	-330.21157
54000	1.3908155e-33	-328.5673
55000	1.5098576e-34	-338.21064
56000	6.7374767e-34	-331.71503
57000	1.2783611e-33	-328.93346
58000	5.5848239e-34	-332.52991
59000	1.2156617e-34	-339.15187
60000	4.0220171e-34	-333.95556
61000	5.1154698e-35	-342.91114
62000	1.6449039e-34	-337.83859
63000	1.3276831e-34	-338.76906
64000	3.2918541e-34	-334.82559
65000	6.7472306e-35	-341.70874
66000	1.5940237e-35	-347.97505
67000	2.2085256e-34	-336.55898
68000	1.0751332e-34	-339.68538
69000	3.4886453e-33	-324.57343
70000	1.1345146e-33	-329.4519
71000	4.0567913e-35	-343.91817
72000	5.0134047e-34	-332.99867
73000	2.2891724e-34	-336.40321
74000	1.9714612e-34	-337.05212
75000	4.6967662e-34	-333.28201
76000	3.6903179e-34	-334.32936
77000	1.0087934e-33	-329.96198
78000	1.3617729e-33	-328.65895
79000	1.2236765e-33	-329.12333
80000	7.3057985e-34	-331.36332
81000	3.4603166e-34	-334.60884
82000	1.3157319e-33	-328.80833
83000	7.1811414e-34	-331.43807
84000	7.2924582e-34	-331.37126
85000	3.3298976e-33	-324.77569
86000	1.4748098e-33	-328.31264
87000	5.2629196e-33	-322.78773
88000	2.0594701e-33	-326.86245
89000	1.7430308e-32	-317.58695
90000	4.0740526e-34	-333.89973
91000	6.4705834e-32	-311.89057
92000	6.3365065e-32	-311.9815
93000	5.6164327e-32	-312.50539
94000	3.7336686e-32	-314.27864
95000	8.8159924e-34	-330.54729
96000	8.8165593e-33	-320.54701
97000	1.0318286e-33	-329.86392
98000	7.0775704e-33	-321.50116
99000	8.799329e-34	-330.5555
100000	3.4583813e-33	-324.61127
101000	2.1749365e-33	-326.62553
102000	2.304124e-33	-326.37494
103000	8.7583357e-35	-340.57578
104000	3.2914038e-35	-344.82619
105000	3.6083874e-34	-334.42687
106000	2.6741316e-33	-325.72817
107000	7.6418092e-34	-331.16804
108000	7.2284836e-34	-331.40953
109000	1.4123298e-32	-318.50064
110000	1.4231191e-32	-318.46759
111000	3.3708366e-32	-314.72262
112000	1.9670558e-32	-317.06183
113000	1.7367515e-33	-327.60262
114000	4.7161361e-32	-313.26414
115000	5.3191427e-32	-312.74158
116000	2.4627272e-32	-316.08584
117000	1.1267263e-33	-329.48182
118000	9.2070662e-33	-320.35879
119000	1.2508586e-33	-329.02792
120000	5.4441351e-33	-322.64071
121000	2.4056307e-33	-326.18771
122000	5.4319108e-33	-322.65047
123000	1.2297442e-33	-329.10185
124000	1.3466876e-33	-328.70733
125000	3.4578466e-34	-334.61194
126000	1.1667636e-33	-329.33017
127000	1.7503127e-33	-327.56884
128000	4.4408422e-34	-333.52535
129000	1.4089792e-34	-338.51095
130000	1.8619777e-33	-327.30026
131000	7.3011364e-34	-331.3661
132000	6.6809142e-34	-331.75164
133000	1.8125714e-33	-327.41705
134000	1.094922e-33	-329.60617
135000	3.4715389e-34	-334.59478
136000	2.7285018e-35	-345.64076
137000	3.7126506e-34	-334.30316
138000	3.8460717e-35	-344.14983
139000	8.2464448e-34	-330.83733
140000	1.0651785e-33	-329.72578
141000	1.2538891e-34	-339.01741
142000	6.0585132e-34	-332.17634
143000	2.7072757e-34	-335.67468
144000	8.616581e-34	-330.64665
145000	3.0810224e-34	-335.11305
146000	8.5622554e-34	-330.67412
147000	2.2548393e-34	-336.46884
148000	4.3528257e-34	-333.61229
149000	2.7104325e-33	-325.66961
150000	1.3995879e-33	-328.54
151000	6.9245454e-34	-331.59609
152000	1.4026911e-34	-338.53038
153000	3.1057728e-34	-335.0783
154000	1.9156748e-33	-327.17678
155000	1.7573687e-33	-327.55137
156000	2.7287174e-34	-335.64041
157000	5.510587e-34	-332.58802
158000	8.0291493e-35	-340.9533
159000	1.2551729e-33	-329.01296
160000	1.0765594e-33	-329.67962
161000	3.480869e-33	-324.58312
162000	2.0232087e-35	-346.93959
163000	2.2164609e-34	-336.5434
164000	7.4438902e-34	-331.282
165000	1.8887019e-34	-337.23837
166000	3.9683615e-34	-334.01389
167000	7.3131404e-34	-331.35896
168000	2.6740414e-34	-335.72832
169000	2.5642488e-34	-335.9104
170000	8.7232844e-34	-330.5932
171000	1.4187178e-34	-338.48104
172000	5.2492506e-35	-342.79903
173000	6.3887982e-35	-341.94581
174000	2.1931919e-35	-346.58923
175000	9.9526927e-35	-340.02059
176000	1.3226241e-34	-338.78564
177000	3.1842424e-34	-334.96994
178000	1.5017976e-34	-338.23389
179000	8.3035613e-35	-340.80736
180000	7.5980607e-34	-331.19297
181000	6.0729019e-34	-332.16604
182000	4.7102997e-34	-333.26951
183000	4.3732437e-33	-323.59196
184000	6.4656831e-34	-331.89386
185000	1.6857121e-34	-337.73217
186000	1.1502569e-33	-329.39205
187000	2.5307526e-34	-335.9675
188000	3.087639e-35	-345.10373
189000	4.5467896e-34	-333.42295
190000	1.2638878e-33	-328.98291
191000	1.2304135e-33	-329.09949
192000	1.769514e-33	-327.52146
193000	1.9374615e-33	-327.12767
194000	6.0712881e-33	-322.16719
195000	7.8545056e-33	-321.04881
196000	1.1688432e-32	-319.32244
197000	2.4937976e-32	-316.03139
198000	3.8011166e-33	-324.20089
199000	3.6776475e-33	-324.3443
200000	1.4915279e-33	-328.26369
201000	8.2009918e-34	-330.86134
202000	3.279271e-34	-334.84223
203000	8.4768963e-34	-330.71763
204000	1.0067043e-33	-329.97098
205000	3.1147698e-36	-355.06574
206000	1.9611527e-34	-337.07489
207000	1.9370198e-34	-337.12866
208000	8.8941359e-34	-330.50896
209000	1.5195003e-33	-328.18299
210000	4.4128949e-34	-333.55276
211000	4.5011035e-34	-333.46681
212000	1.5053403e-33	-328.22365
213000	2.8076849e-33	-325.51652
214000	2.2090774e-33	-326.55789
215000	1.0997529e-33	-329.58705
216000	4.7183731e-33	-323.26208
217000	2.2347259e-32	-316.50776
218000	6.9932704e-33	-321.5532
219000	2.576312e-32	-315.89002
220000	1.9468425e-33	-327.10669
221000	1.6919614e-33	-327.7161
222000	7.1798122e-34	-331.43887
223000	1.8063019e-33	-327.4321
224000	6.3807317e-35	-341.9513
225000	2.6476186e-34	-335.77145
226000	1.2692544e-34	-338.96451
227000	8.0999876e-34	-330.91516
228000	9.6294567e-34	-330.16398
229000	2.2168654e-33	-326.54261
230000	6.3818824e-36	-351.95051
231000	1.2823162e-33	-328.92005
232000	1.1867777e-33	-329.25631
233000	9.4650371e-34	-330.23878
234000	9.7624364e-35	-340.10442
235000	1.1412566e-33	-329.42617
236000	1.9589973e-33	-327.07966
237000	2.071398e-33	-326.83736
238000	3.3906719e-35	-344.69714
239000	1.2226763e-34	-339.12689
240000	3.5136184e-34	-334.54245
241000	3.9203304e-34	-334.06677
242000	1.1865271e-34	-339.25722
243000	5.0804689e-35	-342.94096
244000	2.0713465e-34	-336.83747
245000	4.4401945e-34	-333.52598
246000	6.8356873e-34	-331.65218
247000	5.7708998e-34	-332.38756
248000	1.8249473e-34	-337.3875
249000	2.1844846e-34	-336.60651
250000	1.4204173e-33	-328.47584
251000	2.9702828e-34	-335.27202
252000	9.3361773e-35	-340.29831
253000	2.3036404e-33	-326.37585
254000	1.2232973e-33	-329.12468
255000	9.0907676e-34	-330.41399
256000	4.9448493e-33	-323.05847
257000	1.0296037e-33	-329.8733
258000	2.2317608e-34	-336.51352
259000	3.2858512e-34	-334.83352
260000	9.8054462e-35	-340.08533
261000	9.51394e-34	-330.2164
262000	4.0195781e-34	-333.9582
263000	1.5326474e-33	-328.14558
264000	9.4765502e-34	-330.2335
265000	9.6242725e-34	-330.16632
266000	2.8691052e-34	-335.42254
267000	7.7216733e-35	-341.12289
268000	1.2788302e-33	-328.93187
269000	1.5397562e-34	-338.12548
270000	5.5693418e-34	-332.54196
271000	1.7667236e-35	-347.52831
272000	3.722226e-35	-344.29197
273000	3.4010659e-34	-334.68385
274000	2.1407323e-35	-346.69438
275000	1.5130384e-34	-338.2015
276000	7.9260229e-35	-341.00945
277000	3.0334254e-34	-335.18067
278000	3.5977676e-34	-334.43967
279000	6.3189208e-35	-341.99357
280000	1.9875889e-34	-337.01673
281000	1.0089146e-33	-329.96146
282000	4.5974032e-34	-333.37487
283000	9.3010666e-34	-330.31467
284000	3.3788839e-34	-334.71227
285000	9.605745e-34	-330.17469
286000	1.1480482e-33	-329.4004
287000	9.3780136e-34	-330.27889
288000	4.414404e-34	-333.55128
289000	3.2015838e-34	-334.94635
290000	5.6589348e-34	-332.47265
291000	2.1783393e-35	-346.61874
292000	9.2207816e-34	-330.35232
293000	2.8431983e-34	-335.46193
294000	1.8680058e-33	-327.28622
295000	1.7713583e-33	-327.51694
296000	2.955418e-34	-335.29381
297000	5.4398651e-34	-332.64412
298000	4.4744654e-34	-333.49259
299000	5.5871376e-33	-322.52811
300000	9.5369982e-33	-320.20588
301000	2.9974372e-33	-325.2325
302000	2.1500936e-34	-336.67543
303000	2.0585396e-33	-326.86441
304000	8.8668568e-35	-340.5223
305000	1.6883753e-33	-327.72531
306000	2.4066074e-36	-356.18595
307000	1.0011881e-33	-329.99484
308000	3.406773e-34	-334.67657
309000	1.0652832e-33	-329.72535
310000	1.0611454e-33	-329.74225
311000	2.0833038e-34	-336.81247
312000	2.9980392e-34	-335.23163
313000	7.9214884e-34	-331.01193
314000	6.6235006e-34	-331.78912
315000	2.6274265e-34	-335.80469
316000	2.3401836e-33	-326.3075
317000	1.2455429e-34	-339.04641
318000	1.3797251e-33	-328.60207
319000	6.6834031e-35	-341.75002
320000	1.5723451e-33	-328.03452
321000	2.7572731e-33	-325.5952
322000	4.7356929e-33	-323.24616
323000	3.5991076e-33	-324.43805
324000	1.0494345e-33	-329.79045
325000	2.1692051e-33	-326.63699
326000	3.502022e-34	-334.55681
327000	1.5411107e-33	-328.12166
328000	7.3419118e-34	-331.34191
329000	2.7991665e-33	-325.52971
330000	1.0497516e-33	-329.78913
331000	2.60712e-33	-325.83839
332000	9.9735842e-34	-330.01149
333000	8.8155766e-34	-330.54749
334000	8.7935703e-34	-330.55835
335000	1.5342106e-34	-338.14115
336000	7.4648822e-34	-331.26977
337000	2.8790791e-33	-325.40746
338000	1.1907762e-32	-319.2417
339000	5.3349721e-33	-322.72868
340000	3.7531265e-34	-334.25607
341000	1.0839628e-33	-329.64986
342000	2.7116759e-34	-335.66762
343000	5.7512209e-34	-332.4024
344000	9.4297773e-35	-340.25499
345000	1.4671381e-34	-338.33529
346000	1.0454562e-33	-329.80694
347000	5.5343006e-34	-332.56937
348000	6.9618084e-34	-331.57278
349000	1.8069317e-33	-327.43058
350000	1.2188252e-33	-329.14059
351000	2.2387089e-33	-326.50002
352000	1.3174188e-33	-328.80276
353000	9.0064023e-34	-330.45449
354000	1.2389694e-33	-329.06939
355000	2.6637041e-33	-325.74514
356000	3.0332759e-34	-335.18088
357000	6.4529608e-33	-321.90241
358000	1.5758659e-32	-318.02481
359000	2.5783401e-33	-325.8866
360000	1.2005665e-33	-329.20614
361000	2.9623886e-34	-335.28358
362000	4.8906295e-35	-343.10635
363000	1.5873445e-34	-337.99329
364000	4.59011e-34	-333.38177
365000	1.5034209e-34	-338.22919
366000	9.173367e-35	-340.37471
367000	3.542025e-33	-324.50748
368000	6.3297647e-34	-331.98612
369000	1.3878162e-33	-328.57668
370000	9.8042809e-34	-330.08584
371000	1.2269865e-33	-329.1116
372000	1.2298985e-34	-339.10131
373000	2.1360932e-35	-346.7038
374000	5.7861786e-34	-332.37608
375000	1.6784827e-34	-337.75083
376000	5.2641192e-34	-332.78674
377000	3.3619887e-34	-334.73404
378000	4.0871511e-34	-333.88579
379000	1.8902949e-34	-337.2347
380000	6.5896865e-34	-331.81135
381000	1.1030586e-33	-329.57401
382000	9.2172367e-35	-340.35399
383000	3.6468632e-34	-334.38081
384000	1.0621794e-34	-339.73802
385000	8.1627212e-35	-340.88165
386000	3.9560578e-34	-334.02737
387000	1.1453155e-33	-329.41075
388000	1.2691548e-34	-338.96485
389000	2.3385433e-33	-326.31055
390000	4.0428803e-34	-333.93309
391000	1.6298421e-33	-327.87854
392000	1.4144266e-33	-328.4942
393000	2.7873851e-34	-335.54803
394000	3.8864866e-35	-344.10443
395000	1.9216498e-34	-337.16326
396000	2.7680299e-33	-325.57829
397000	1.7244082e-33	-327.6336
398000	9.7711618e-34	-330.10054
399000	1.2955458e-34	-338.87547
400000	4.0437506e-36	-353.93216
401000	4.4082076e-33	-323.55738
402000	4.1924293e-34	-333.77534
403000	9.2561955e-33	-320.33567
404000	1.886511e-33	-327.24341
405000	1.1892636e-33	-329.24722
406000	9.5460652e-34	-330.20176
407000	7.4647547e-35	-341.26984
408000	8.3071706e-35	-340.80547
409000	6.143689e-34	-332.11571
410000	1.1424464e-34	-339.42164
411000	1.489512e-33	-328.26956
412000	3.9508882e-34	-334.03305
413000	4.365069e-34	-333.60009
414000	3.2295133e-34	-334.90863
415000	4.6767477e-34	-333.30056
416000	2.3479296e-33	-326.29315
417000	1.6188266e-33	-327.908
418000	1.3055089e-33	-328.8422
419000	1.0935047e-33	-329.61179
420000	1.3422077e-33	-328.7218
421000	3.4100109e-34	-334.67244
422000	1.7347694e-33	-327.60758
423000	3.8992386e-33	-324.0902
424000	1.073689e-33	-329.69122
425000	1.1290034e-32	-319.47305
426000	5.8735709e-33	-322.31098
427000	1.6779244e-33	-327.75228
428000	1.2569659e-33	-329.00677
429000	1.2337447e-33	-329.08775
430000	6.9342415e-33	-321.59001
431000	5.3269049e-33	-322.73525
432000	6.450844e-33	-321.90383
433000	3.7446843e-33	-324.26585
434000	6.0917856e-33	-322.15255
435000	6.6067714e-33	-321.80011
436000	1.0109184e-32	-319.95284
437000	1.0010244e-32	-319.99555
438000	9.7729093e-33	-320.09976
439000	1.0978015e-31	-309.59476
440000	7.9044095e-32	-311.02131
441000	7.840808e-33	-321.05639
442000	1.8225046e-32	-317.39331
443000	3.399658e-33	-324.68565
444000	9.0617464e-33	-320.42788
445000	4.8614608e-33	-323.13233
446000	4.4012083e-33	-323.56428
447000	1.839718e-33	-327.35249
448000	2.5607917e-33	-325.91626
449000	8.6788995e-34	-330.61535
450000	4.0862741e-33	-323.88673
451000	2.1112188e-33	-326.75467
452000	7.7215714e-33	-321.12294
453000	5.4654863e-33	-322.62371
454000	9.0650773e-33	-320.42628
455000	9.3244407e-33	-320.30377
456000	1.5973925e-32	-317.96588
457000	1.1273901e-32	-319.47926
458000	3.3224221e-32	-314.78545
459000	1.2794356e-31	-308.92982
460000	6.9285227e-32	-311.59359
461000	6.3327597e-33	-321.98407
462000	1.2701018e-32	-318.96161
463000	3.0238687e-33	-325.19437
464000	1.0495114e-32	-319.79013
465000	4.1646044e-33	-323.80426
466000	7.7329361e-33	-321.11656
467000	2.7136005e-33	-325.66454
468000	1.6324528e-33	-327.87159
469000	2.301398e-33	-326.38008
470000	4.45695e-33	-323.50962
471000	5.5566532e-33	-322.55187
472000	1.7725858e-33	-327.51393
473000	6.5492728e-34	-331.83807
474000	1.8881352e-33	-327.23967
475000	7.6763067e-34	-331.14848
476000	8.7964686e-34	-330.55692
477000	5.6629426e-34	-332.46958
478000	6.5957174e-34	-331.80738
479000	7.3508289e-34	-331.33664
480000	4.9841403e-34	-333.0241
481000	1.0264102e-33	-329.88679
482000	2.3209839e-34	-336.34328
483000	2.7550864e-34	-335.59865
484000	5.5848532e-34	-332.52988
485000	2.7111026e-34	-335.66854
486000	3.8157471e-34	-334.1842
487000	1.2960212e-34	-338.87388
488000	7.8269726e-35	-341.06406
489000	7.5105766e-35	-341.24327
490000	1.9794473e-34	-337.03456
491000	7.0136325e-34	-331.54057
492000	4.1596775e-34	-333.8094
493000	3.4792498e-33	-324.58514
494000	2.7813375e-33	-325.55746
495000	8.7680427e-36	-350.57097
496000	1.9810027e-33	-327.03115
497000	3.412517e-34	-334.66925
498000	5.9659402e-34	-332.24321
499000	1.7750876e-34	-337.5078
500000	3.3659169e-34	-334.72897
501000	3.6441838e-35	-344.384
502000	8.3391164e-34	-330.7888
503000	3.412517e-34	-334.66925
504000	1.9810027e-33	-327.03115
505000	8.7680427e-36	-350.57097
506000	3.3662699e-33	-324.72851
507000	3.1383837e-33	-325.03294
508000	4.1596775e-34	-333.8094
509000	1.7168534e-33	-327.65267
510000	2.7681964e-34	-335.57803
511000	7.5105766e-35	-341.24327
512000	7.8269726e-35	-341.06406
513000	1.2960212e-34	-338.87388
514000	2.9391616e-34	-335.31777
515000	1.8818446e-34	-337.25416
516000	5.5848532e-34	-332.52988
517000	3.8748082e-34	-334.1175
518000	1.461674e-34	-338.35149
519000	1.0264102e-33	-329.88679
520000	4.9841403e-34	-333.0241
521000	7.3508289e-34	-331.33664
522000	5.0749699e-34	-332.94567
523000	5.175981e-34	-332.86007
524000	8.7964686e-34	-330.55692
525000	6.3156431e-34	-331.99582
526000	1.4446954e-33	-328.40224
527000	6.5492728e-34	-331.83807
528000	1.7725858e-33	-327.51393
529000	5.5566532e-33	-322.55187
530000	2.8676446e-33	-325.42475
531000	3.0081764e-34	-335.21697
532000	1.6324528e-33	-327.87159
533000	3.4890221e-33	-324.57296
534000	8.2980347e-33	-320.81025
535000	4.1646044e-33	-323.80426
536000	1.0495114e-32	-319.79013
537000	3.0238687e-33	-325.19437
538000	1.1938967e-32	-319.23033
539000	6.0336488e-33	-322.1942
540000	6.9285227e-32	-311.59359
541000	1.3231124e-31	-308.78403
542000	3.5480891e-32	-314.50005
543000	1.1273901e-32	-319.47926
544000	1.5973925e-32	-317.96588
545000	9.3244407e-33	-320.30377
546000	9.2494653e-33	-320.33883
547000	5.8629591e-33	-322.31883
548000	7.7215714e-33	-321.12294
549000	2.9268005e-33	-325.33607
550000	4.6555507e-33	-323.32029
551000	8.6788995e-34	-330.61535
552000	2.5607917e-33	-325.91626
553000	1.839718e-33	-327.35249
554000	3.5956799e-33	-324.44219
555000	5.1258168e-33	-322.90237
556000	9.0617464e-33	-320.42788
557000	3.6120256e-33	-324.42249
558000	1.830837e-32	-317.3735
559000	7.840808e-33	-321.05639
560000	7.9044095e-32	-311.02131
561000	1.0978015e-31	-309.59476
562000	9.8292382e-33	-320.0748
563000	9.5179321e-33	-320.21457
564000	1.0109184e-32	-319.95284
565000	7.3238558e-33	-321.3526
566000	5.2423518e-33	-322.80474
567000	3.7446843e-33	-324.26585
568000	6.450844e-33	-321.90383
569000	5.3269049e-33	-322.73525
570000	5.806237e-33	-322.36105
571000	3.0497213e-34	-335.1574
572000	1.2569659e-33	-329.00677
573000	2.0896534e-33	-326.79926
574000	5.5655816e-33	-322.54489
575000	1.1290034e-32	-319.47305
576000	1.073689e-33	-329.69122
577000	3.8992386e-33	-324.0902
578000	1.9000141e-33	-327.21243
579000	2.9908704e-34	-335.24202
580000	1.3422077e-33	-328.7218
581000	1.2922013e-33	-328.8867
582000	1.3692226e-33	-328.63526
583000	1.6188266e-33	-327.908
584000	2.3479296e-33	-326.29315
585000	4.6767477e-34	-333.30056
586000	2.887774e-34	-335.39437
587000	4.9556547e-34	-333.04899
588000	3.9508882e-34	-334.03305
589000	1.385038e-33	-328.58538
590000	2.0429094e-33	-326.89751
591000	6.143689e-34	-332.11571
592000	8.3071706e-35	-340.80547
593000	7.4647547e-35	-341.26984
594000	6.8857821e-34	-331.62047
595000	8.3296985e-34	-330.79371
596000	1.886511e-33	-327.24341
597000	9.204941e-33	-320.35979
598000	4.5906156e-34	-333.38129
599000	4.4082076e-33	-323.55738
600000	4.0437506e-36	-353.93216
601000	1.2955458e-34	-338.87547
602000	7.3451477e-34	-331.33999
603000	2.0991845e-33	-326.77949
604000	2.7680299e-33	-325.57829
605000	1.9865649e-34	-337.01897
606000	1.9127976e-35	-347.18331
607000	2.7873851e-34	-335.54803
608000	1.4144266e-33	-328.4942
609000	1.6298421e-33	-327.87854
610000	2.7893288e-33	-325.545
611000	2.2064465e-33	-326.56307
612000	1.2691548e-34	-338.96485
613000	7.9301803e-34	-331.00717
614000	3.9081508e-34	-334.08029
615000	8.1627212e-35	-340.88165
616000	1.0621794e-34	-339.73802
617000	3.6468632e-34	-334.38081
618000	3.6262178e-36	-354.40546
619000	6.279922e-34	-332.02046
620000	6.5896865e-34	-331.81135
621000	2.5863594e-34	-335.87311
622000	2.2245765e-34	-336.52753
623000	3.3619887e-34	-334.73404
624000	5.2641192e-34	-332.78674
625000	1.6784827e-34	-337.75083
626000	7.6933174e-34	-331.13886
627000	8.4570003e-36	-350.72784
628000	1.2298985e-34	-339.10131
629000	4.7598452e-34	-333.22407
630000	9.4954636e-34	-330.22484
631000	1.3878162e-33	-328.57668
632000	6.3297647e-34	-331.98612
633000	3.542025e-33	-324.50748
634000	1.5995239e-34	-337.96009
635000	2.8293934e-34	-335.48307
636000	4.59011e-34	-333.38177
637000	6.4696816e-35	-341.89117
638000	2.5583043e-35	-345.92048
639000	2.9623886e-34	-335.28358
640000	1.2005665e-33	-329.20614
641000	2.5783401e-33	-325.8866
642000	1.497006e-32	-318.24776
643000	5.8759986e-33	-322.30918
644000	3.0332759e-34	-335.18088
645000	2.9771765e-33	-325.26195
646000	1.7751829e-33	-327.50757
647000	9.0064023e-34	-330.45449
648000	1.3174188e-33	-328.80276
649000	2.2387089e-33	-326.50002
650000	1.6059401e-33	-327.94271
651000	2.6920577e-33	-325.69916
652000	6.9618084e-34	-331.57278
653000	7.7441267e-34	-331.11028
654000	6.5418611e-34	-331.84299
655000	1.4671381e-34	-338.33529
656000	9.4297773e-35	-340.25499
657000	5.7512209e-34	-332.4024
658000	4.1738965e-35	-343.79458
659000	1.5158319e-33	-328.19349
660000	3.7531265e-34	-334.25607
661000	4.5509414e-33	-323.41899
662000	1.1554309e-32	-319.37256
663000	2.8790791e-33	-325.40746
664000	7.4648822e-34	-331.26977
665000	1.5342106e-34	-338.14115
666000	8.2661492e-34	-330.82697
667000	1.0960594e-33	-329.60166
668000	9.9735842e-34	-330.01149
669000	2.1694451e-33	-326.63651
670000	1.8346265e-33	-327.36452
671000	2.7991665e-33	-325.52971
672000	7.3419118e-34	-331.34191
673000	1.5411107e-33	-328.12166
674000	2.4747716e-34	-336.06465
675000	1.9770815e-33	-327.03975
676000	1.0494345e-33	-329.79045
677000	3.5029683e-33	-324.55564
678000	5.2593472e-33	-322.79068
679000	2.7572731e-33	-325.5952
680000	1.5723451e-33	-328.03452
681000	6.6834031e-35	-341.75002
682000	1.060907e-33	-329.74323
683000	1.2477964e-34	-339.03856
684000	2.3401836e-33	-326.3075
685000	4.1162332e-34	-333.855
686000	5.9548364e-34	-332.2513
687000	7.9214884e-34	-331.01193
688000	2.9980392e-34	-335.23163
689000	2.0833038e-34	-336.81247
690000	2.3477264e-34	-336.29353
691000	1.9698721e-34	-337.05562
692000	3.406773e-34	-334.67657
693000	9.1269141e-34	-330.39676
694000	1.6590174e-35	-347.80149
695000	1.6883753e-33	-327.72531
696000	8.8668568e-35	-340.5223
697000	2.0585396e-33	-326.86441
698000	2.3629211e-34	-336.26551
699000	2.8819102e-33	-325.4032
700000	9.5369982e-33	-320.20588
701000	4.2448637e-33	-323.72136
702000	5.4389606e-34	-332.64484
703000	5.4398651e-34	-332.64412
704000	2.955418e-34	-335.29381
705000	1.7713583e-33	-327.51694
706000	2.0078621e-33	-326.97266
707000	5.2089576e-34	-332.83249
708000	9.2207816e-34	-330.35232
709000	1.5816873e-34	-338.00879
710000	1.3151414e-34	-338.81028
711000	3.2015838e-34	-334.94635
712000	4.414404e-34	-333.55128
713000	9.3780136e-34	-330.27889
714000	1.2390999e-33	-329.06894
715000	8.8192494e-34	-330.54568
716000	3.3788839e-34	-334.71227
717000	6.6942876e-34	-331.74296
718000	2.4730269e-34	-336.06771
719000	1.0089146e-33	-329.96146
720000	1.9875889e-34	-337.01673
721000	6.3189208e-35	-341.99357
722000	5.3849011e-34	-332.68822
723000	3.8882575e-34	-334.10245
724000	7.9260229e-35	-341.00945
725000	8.5895533e-35	-340.66029
726000	1.37925e-35	-348.60357
727000	3.4010659e-34	-334.68385
728000	3.722226e-35	-344.29197
729000	1.7667236e-35	-347.52831
730000	6.1419253e-34	-332.11695
731000	5.8787438e-34	-332.30715
732000	1.2788302e-33	-328.93187
733000	3.7954351e-34	-334.20738
734000	3.9113799e-34	-334.0767
735000	9.6242725e-34	-330.16632
736000	9.4765502e-34	-330.2335
737000	1.5326474e-33	-328.14558
738000	7.7828648e-34	-331.08861
739000	6.8072345e-34	-331.67029
740000	9.8054462e-35	-340.08533
741000	3.6879072e-34	-334.3322
742000	1.2097468e-34	-339.17306
743000	1.0296037e-33	-329.8733
744000	4.9448493e-33	-323.05847
745000	9.0907676e-34	-330.41399
746000	9.4573022e-34	-330.24233
747000	1.7741296e-33	-327.51015
748000	9.3361773e-35	-340.29831
749000	1.6936074e-34	-337.71187
750000	1.1784371e-33	-329.28694
751000	2.1844846e-34	-336.60651
752000	1.8249473e-34	-337.3875
753000	5.7708998e-34	-332.38756
754000	5.9181567e-34	-332.27814
755000	6.4440317e-34	-331.90842
756000	2.0713465e-34	-336.83747
757000	7.0191072e-35	-341.53718
758000	1.082821e-34	-339.65443
759000	3.9203304e-34	-334.06677
760000	3.5136184e-34	-334.54245
761000	1.2226763e-34	-339.12689
762000	9.0455732e-36	-350.43564
763000	2.1413265e-33	-326.69317
764000	1.9589973e-33	-327.07966
765000	1.0569057e-33	-329.75964
766000	3.1225707e-35	-345.05488
767000	9.4650371e-34	-330.23878
768000	1.1867777e-33	-329.25631
769000	1.2823162e-33	-328.92005
770000	5.1886469e-34	-332.84946
771000	3.1539028e-33	-325.01152
772000	9.6294567e-34	-330.16398
773000	1.1041156e-33	-329.56985
774000	2.2795002e-34	-336.4216
775000	2.6476186e-34	-335.77145
776000	6.3807317e-35	-341.9513
777000	1.8063019e-33	-327.4321
778000	7.1744336e-34	-331.44212
779000	2.5925522e-33	-325.86272
780000	1.9468425e-33	-327.10669
781000	2.3069292e-32	-316.36966
782000	8.3990569e-33	-320.75769
783000	2.2347259e-32	-316.50776
784000	4.7183731e-33	-323.26208
785000	1.0997529e-33	-329.58705
786000	1.7384572e-33	-327.59836
787000	2.8560842e-33	-325.44229
788000	1.5053403e-33	-328.22365
789000	6.0534362e-35	-342.17998
790000	3.8069256e-34	-334.19426
791000	1.5195003e-33	-328.18299
792000	8.8941359e-34	-330.50896
793000	1.9370198e-34	-337.12866
794000	5.9310534e-34	-332.26868
795000	1.0633503e-34	-339.73324
796000	1.0067043e-33	-329.97098
797000	7.0176997e-34	-331.53805
798000	3.8671738e-34	-334.12606
799000	8.2009918e-34	-330.86134
800000	1.4915279e-33	-328.26369
801000	3.6776475e-33	-324.3443
802000	4.3620087e-33	-323.60313
803000	2.4417782e-32	-316.12294
804000	1.1688432e-32	-319.32244
805000	7.9607525e-33	-320.99046
806000	5.5998217e-33	-322.51826
807000	1.9374615e-33	-327.12767
808000	1.769514e-33	-327.52146
809000	1.2304135e-33	-329.09949
810000	3.8759758e-33	-324.11619
811000	3.9889058e-35	-343.99146
812000	3.087639e-35	-345.10373
813000	2.4902129e-34	-336.03764
814000	1.4380259e-33	-328.42233
815000	1.6857121e-34	-337.73217
816000	6.4656831e-34	-331.89386
817000	4.3732437e-33	-323.59196
818000	2.4286468e-34	-336.14636
819000	7.7668143e-34	-331.09757
820000	7.5980607e-34	-331.19297
821000	2.7739028e-35	-345.56909
822000	1.4299502e-34	-338.44679
823000	3.1842424e-34	-334.96994
824000	1.3226241e-34	-338.78564
825000	9.9526927e-35	-340.02059
826000	1.1219023e-35	-349.50045
827000	1.0010983e-35	-349.99523
828000	5.2492506e-35	-342.79903
829000	4.4112513e-35	-343.55438
830000	4.2332363e-34	-333.73327
831000	2.5642488e-34	-335.9104
832000	2.6740414e-34	-335.72832
833000	7.3131404e-34	-331.35896
834000	2.3011407e-34	-336.38057
835000	3.6193332e-34	-334.41371
836000	7.4438902e-34	-331.282
837000	1.2386616e-34	-339.07047
838000	1.8367602e-34	-337.35948
839000	3.480869e-33	-324.58312
840000	1.0765594e-33	-329.67962
841000	1.2551729e-33	-329.01296
842000	4.6113839e-35	-343.36169
843000	4.8967e-34	-333.10096
844000	2.7287174e-34	-335.64041
845000	1.6622561e-33	-327.79302
846000	1.7117788e-33	-327.66552
847000	3.1057728e-34	-335.0783
848000	1.4026911e-34	-338.53038
849000	6.9245454e-34	-331.59609
850000	1.0299353e-33	-329.8719
851000	1.4181078e-33	-328.48291
852000	4.3528257e-34	-333.61229
853000	3.5445128e-34	-334.50443
854000	8.5567497e-34	-330.67691
855000	3.0810224e-34	-335.11305
856000	8.616581e-34	-330.64665
857000	2.7072757e-34	-335.67468
858000	6.4569357e-34	-331.89974
859000	1.0313064e-34	-339.86612
860000	1.0651785e-33	-329.72578
861000	1.2933689e-33	-328.88278
862000	4.7192407e-35	-343.26128
863000	3.7126506e-34	-334.30316
864000	2.7285018e-35	-345.64076
865000	3.4715389e-34	-334.59478
866000	8.955382e-34	-330.47916
867000	1.5066607e-33	-328.21985
868000	6.6809142e-34	-331.75164
869000	1.2651278e-33	-328.97866
870000	1.1607277e-33	-329.3527
871000	1.4089792e-34	-338.51095
872000	4.4408422e-34	-333.52535
873000	1.7503127e-33	-327.56884
874000	1.3344556e-33	-328.74696
875000	5.7150313e-34	-332.42981
876000	1.3466876e-33	-328.70733
877000	1.3306413e-33	-328.75939
878000	5.3992063e-33	-322.6767
879000	2.4056307e-33	-326.18771
880000	5.4441351e-33	-322.64071
881000	1.2508586e-33	-329.02792
882000	9.1690324e-33	-320.37676
883000	9.3454843e-34	-330.29398
884000	2.4627272e-32	-316.08584
885000	5.5052856e-32	-312.5922
886000	4.6191991e-32	-313.35433
887000	1.7367515e-33	-327.60262
888000	1.9670558e-32	-317.06183
889000	3.3708366e-32	-314.72262
890000	1.2750749e-32	-318.94464
891000	1.4481475e-32	-318.39187
892000	7.2284836e-34	-331.40953
893000	5.3607145e-34	-332.70777
894000	2.1555811e-33	-326.66436
895000	3.6083874e-34	-334.42687
896000	3.2914038e-35	-344.82619
897000	8.7583357e-35	-340.57578
898000	2.0744845e-33	-326.8309
899000	1.7697907e-33	-327.52078
900000	3.4583813e-33	-324.61127
901000	9.905327e-34	-330.04131
902000	8.2983911e-33	-320.81006
903000	1.0318286e-33	-329.86392
904000	8.8165593e-33	-320.54701
905000	8.8159924e-34	-330.54729
906000	3.9159907e-32	-314.07158
907000	5.2267889e-32	-312.81765
908000	6.3365065e-32	-311.9815
909000	6.7563161e-32	-311.7029
910000	7.6355652e-34	-331.17159
911000	1.7430308e-32	-317.58695
912000	2.0594701e-33	-326.86245
913000	5.2629196e-33	-322.78773
914000	1.1632634e-33	-329.34322
915000	3.6027931e-33	-324.43361
916000	7.2924582e-34	-331.37126
917000	4.0097127e-34	-333.96887
918000	9.9553949e-34	-330.01942
919000	3.4603166e-34	-334.60884
920000	7.3057985e-34	-331.36332
921000	1.2236765e-33	-329.12333
922000	1.833369e-33	-327.3675
923000	6.7096441e-34	-331.73301
924000	3.6903179e-34	-334.32936
925000	5.8853184e-34	-332.3023
926000	5.5344014e-34	-332.56929
927000	2.2891724e-34	-336.40321
928000	5.0134047e-34	-332.99867
929000	4.0567913e-35	-343.91817
930000	1.1508319e-33	-329.38988
931000	1.1557106e-33	-329.37151
932000	1.0751332e-34	-339.68538
933000	1.048738e-35	-349.79333
934000	1.2539861e-34	-339.01707
935000	6.7472306e-35	-341.70874
936000	3.2918541e-34	-334.82559
937000	1.3276831e-34	-338.76906
938000	1.8480376e-34	-337.33289
939000	3.4059657e-36	-354.6776
940000	4.0220171e-34	-333.95556
941000	4.9168246e-34	-333.08315
942000	5.2886596e-34	-332.76654
943000	1.2783611e-33	-328.93346
944000	6.7374767e-34	-331.71503
945000	1.5098576e-34	-338.21064
946000	1.8148194e-33	-327.41167
947000	1.703267e-33	-327.68717
948000	2.6990789e-34	-335.68784
949000	1.7409962e-34	-337.59202
950000	7.1682374e-34	-331.44588
951000	2.6432092e-34	-335.77868
952000	8.6607768e-35	-340.62443
953000	1.1531534e-33	-329.38113
954000	5.7553218e-34	-332.3993
955000	6.651755e-34	-331.77064
956000	4.351775e-34	-333.61334
957000	4.1523919e-34	-333.81702
958000	7.2315691e-35	-341.40767
959000	5.5807073e-34	-332.53311
960000	2.8353965e-34	-335.47386
961000	1.779515e-34	-337.49698
962000	3.8033331e-34	-334.19836
963000	6.0959204e-34	-332.14961
964000	9.2653074e-34	-330.3314
965000	1.6015741e-33	-327.95453
966000	3.7631948e-34	-334.24443
967000	1.9199424e-35	-347.16712
968000	1.3408152e-33	-328.72631
969000	7.8015238e-34	-331.07821
970000	1.0477442e-33	-329.79745
971000	3.2352474e-33	-324.90092
972000	1.1802124e-33	-329.2804
973000	3.1051665e-33	-325.07915
974000	1.4583795e-33	-328.36129
975000	2.4707628e-33	-326.07169
976000	1.3987428e-33	-328.54262
977000	1.8732329e-33	-327.27408
978000	3.1444299e-33	-325.02458
979000	1.1360468e-33	-329.44604
980000	4.7491146e-33	-323.23387
981000	1.3402344e-32	-318.72819
982000	7.3358728e-33	-321.34548
983000	1.0449516e-32	-319.80904
984000	1.6269635e-32	-317.88622
985000	3.3485168e-32	-314.75148
986000	5.705734e-32	-312.43688
987000	1.6068218e-31	-307.94032
988000	7.9733666e-31	-300.98358
989000	0.25	-6.0205999
990000	0.25	-6.0205999
991000	9.6364501e-32	-310.16083
992000	7.4620839e-32	-311.2714
993000	5.1438298e-32	-312.88713
994000	3.3729585e-32	-314.71989
995000	2.1394424e-32	-316.69699
996000	2.5486752e-32	-315.93686
997000	3.272586e-32	-314.85109
998000	2.6706293e-32	-315.73386
999000	1.9668635e-32	-317.06226
