0	3.4623598e-31	-304.60628
1000	1.115926e-30	-299.52365
2000	2.6587127e-30	-295.75329
3000	7.4146335e-30	-291.2991
4000	1.0945297e-29	-289.60772
5000	1.2554029e-29	-289.01217
6000	2.0845357e-29	-286.80991
7000	2.304476e-29	-286.37428
8000	3.5128753e-29	-284.54337
9000	2.2661529e-29	-286.44711
10000	3.4019929e-29	-284.68267
11000	3.3881878e-29	-284.70033
12000	5.2666815e-29	-282.78463
13000	2.595282e-29	-285.85815
14000	5.7451879e-29	-282.40696
15000	4.357712e-29	-283.60741
16000	1.2775416e-29	-288.93625
17000	1.9265691e-29	-287.15215
18000	7.0293028e-30	-291.53088
19000	1.4263133e-29	-288.45785
20000	6.1564677e-30	-292.10668
21000	3.7584366e-30	-294.24993
22000	8.4173348e-31	-300.74825
23000	1.7270066e-30	-297.62706
24000	6.4508448e-31	-301.90383
25000	1.4963828e-31	-308.24957
26000	8.1305635e-31	-300.89879
27000	1.0818567e-30	-299.6583
28000	8.9832742e-31	-300.46565
29000	3.8305403e-31	-304.1674
30000	7.3312614e-31	-301.34821
31000	8.0601027e-30	-290.93659
32000	2.4303333e-30	-296.14334
33000	6.2335541e-31	-302.05264
34000	1.0606014e-29	-289.74448
35000	4.3319001e-30	-293.63322
36000	3.9695022e-31	-304.01264
37000	3.2092701e-31	-304.93594
38000	1.5097387e-30	-298.21098
39000	2.4320464e-30	-296.14028
40000	3.8347123e-31	-304.16267
41000	1.5332554e-30	-298.14386
42000	2.1592075e-30	-296.65706
43000	3.6308115e-30	-294.39996
44000	2.4245936e-30	-296.15361
45000	2.3562583e-30	-296.27777
46000	4.1586674e-30	-293.81046
47000	3.7801483e-30	-294.22491
48000	2.2697347e-30	-296.44025
49000	2.212146e-30	-296.55186
50000	2.6246495e-30	-295.80929
51000	3.3631617e-30	-294.73252
52000	5.4725851e-31	-302.61807
53000	1.414745e-30	-298.49322
54000	5.9604066e-31	-302.24724
55000	2.3945261e-30	-296.2078
56000	7.2356441e-31	-301.40523
57000	2.741372e-30	-295.62032
58000	1.0224306e-30	-299.90366
59000	1.7621471e-29	-287.53958
60000	2.4519691e-29	-286.10485
61000	8.8633789e-29	-280.52401
62000	2.9831804e-29	-285.2532
63000	3.5797115e-29	-284.46152
64000	1.7956088e-29	-287.45788
65000	2.9120553e-30	-295.358
66000	2.2764336e-31	-306.42745
67000	8.5780135e-31	-300.66613
68000	4.3635751e-30	-293.60158
69000	3.4250224e-31	-304.65337
70000	3.4535645e-30	-294.61732
71000	1.6468905e-30	-297.83335
72000	2.9957686e-30	-295.23492
73000	3.4753443e-30	-294.59002
74000	1.0123673e-29	-289.94662
75000	9.0381039e-30	-290.43923
76000	7.5137709e-30	-291.24142
77000	7.7045135e-30	-291.13255
78000	2.7251292e-29	-285.64613
79000	2.7006006e-29	-285.6854
80000	1.7173989e-28	-277.65129
81000	2.242511e-28	-276.49265
82000	1.2074976e-28	-279.18114
83000	9.7428999e-31	-300.11312
84000	3.2360592e-29	-284.89984
85000	5.1624797e-30	-292.87142
86000	1.4309958e-29	-288.44362
87000	4.2218045e-30	-293.74502
88000	7.6518217e-30	-291.16235
89000	2.1390652e-30	-296.69776
90000	4.7534897e-30	-293.22987
91000	7.3881934e-31	-301.31462
92000	1.5002973e-30	-298.23823
93000	4.3975893e-31	-303.56785
94000	1.5411063e-31	-308.12167
95000	1.7861426e-30	-297.48084
96000	4.2775931e-31	-303.68801
97000	2.2838944e-30	-296.41324
98000	1.3734098e-30	-298.622
99000	4.6835992e-30	-293.2942
100000	2.3494335e-30	-296.29037
101000	4.5779243e-30	-293.39331
102000	1.2122213e-30	-299.16418
103000	4.9288275e-30	-293.07256
104000	1.5493499e-30	-298.0985
105000	4.3282387e-30	-293.63689
106000	3.1822582e-31	-304.97265
107000	8.3228268e-31	-300.79729
108000	2.0950086e-30	-296.78814
109000	1.802378e-30	-297.44154
110000	9.7101862e-31	-300.12772
111000	7.1419863e-30	-291.46181
112000	1.1973461e-30	-299.2178
113000	7.5997117e-31	-301.19203
114000	2.7786577e-30	-295.56165
115000	5.102714e-31	-302.92199
116000	1.1995629e-30	-299.20977
117000	3.4003422e-31	-304.68477
118000	1.7308802e-30	-297.61733
119000	2.659773e-31	-305.75155
120000	7.1750666e-31	-301.44174
121000	3.6617332e-31	-304.36313
122000	3.1114696e-31	-305.07034
123000	2.2063416e-32	-316.56327
124000	3.2622978e-31	-304.86476
125000	4.0050393e-30	-293.97393
126000	3.1056006e-30	-295.07854
127000	6.5257568e-30	-291.85369
128000	2.6174364e-30	-295.82124
129000	9.5374859e-30	-290.20566
130000	1.5890108e-30	-297.98873
131000	4.4584953e-30	-293.50812
132000	1.6189792e-30	-297.90759
133000	4.4012053e-30	-293.56428
134000	3.5980037e-30	-294.43938
135000	4.0523026e-30	-293.92298
136000	1.8254803e-30	-297.38623
137000	2.5817063e-30	-295.88093
138000	7.1344501e-31	-301.46639
139000	1.6780553e-30	-297.75194
140000	1.9098456e-31	-307.19002
141000	9.901699e-31	-300.0429
142000	5.6394443e-32	-312.48764
143000	3.1418448e-31	-305.02815
144000	2.3340353e-31	-306.31893
145000	1.077855e-31	-309.6744
146000	1.0760425e-30	-299.68171
147000	4.3945281e-31	-303.57088
148000	7.1555308e-31	-301.45358
149000	4.6050931e-32	-313.36762
150000	1.1292096e-30	-299.47225
151000	1.1462639e-31	-309.40715
152000	2.0015234e-30	-296.98639
153000	1.8620916e-31	-307.29999
154000	2.1463556e-30	-296.68298
155000	3.5141202e-30	-294.54183
156000	2.4610013e-30	-296.08888
157000	3.1598062e-29	-285.0034
158000	3.2237933e-29	-284.91633
159000	2.7650315e-30	-295.583
160000	1.5907106e-32	-317.98409
161000	1.1077566e-30	-299.55556
162000	1.5314999e-30	-298.14883
163000	3.0515661e-31	-305.15477
164000	1.0754993e-31	-309.6839
165000	1.0323086e-30	-299.8619
166000	1.1863373e-31	-309.25792
167000	4.1451263e-31	-303.82462
168000	4.8209709e-31	-303.16865
169000	1.2942251e-30	-298.8799
170000	6.2806717e-31	-302.01994
171000	2.1707789e-30	-296.63384
172000	4.4406374e-30	-293.52555
173000	5.1705857e-30	-292.8646
174000	2.4793964e-30	-296.05654
175000	6.6466594e-30	-291.77397
176000	3.510202e-29	-284.54668
177000	3.4844935e-29	-284.5786
178000	2.7524291e-30	-295.60284
179000	1.8777815e-30	-297.26355
180000	1.2676319e-30	-298.97007
181000	3.4918646e-30	-294.56943
182000	1.9881427e-30	-297.01552
183000	5.6319135e-31	-302.49344
184000	1.4453482e-31	-308.40028
185000	3.3381837e-31	-304.7649
186000	1.0049598e-30	-299.97851
187000	5.0272188e-31	-302.98672
188000	1.0191557e-31	-309.91759
189000	4.8836188e-31	-303.11258
190000	5.9710298e-31	-302.23951
191000	9.4945706e-31	-300.22525
192000	1.6487548e-31	-307.82844
193000	3.27255e-31	-304.85114
194000	4.9045048e-31	-303.09405
195000	3.3461393e-31	-304.75456
196000	3.1685868e-32	-314.99134
197000	7.267516e-32	-311.38614
198000	6.0583891e-31	-302.17643
199000	1.8037208e-30	-297.43831
200000	2.8730027e-30	-295.41664
201000	1.9389087e-30	-297.12443
202000	3.7352322e-30	-294.27682
203000	1.439833e-29	-288.41688
204000	1.0534453e-29	-289.77388
205000	1.238869e-30	-299.06975
206000	1.039543e-29	-289.83158
207000	9.27554e-31	-300.32661
208000	4.2554543e-30	-293.71054
209000	2.8547299e-30	-295.44435
210000	4.6551446e-30	-293.32067
211000	2.0344413e-30	-296.91555
212000	2.4303862e-30	-296.14325
213000	1.1058788e-30	-299.56292
214000	2.0047566e-30	-296.97938
215000	7.4568715e-31	-301.27443
216000	6.266295e-31	-302.02989
217000	2.430294e-30	-296.14341
218000	3.9316583e-31	-304.05424
219000	1.4057955e-30	-298.52078
220000	4.0927631e-30	-293.87983
221000	1.8504636e-29	-287.32719
222000	3.9320608e-30	-294.0538
223000	2.8753896e-29	-285.41303
224000	1.3744055e-29	-288.61885
225000	5.1235191e-30	-292.90432
226000	3.4778365e-30	-294.58691
227000	9.909957e-30	-290.03928
228000	3.7369001e-30	-294.27489
229000	2.7420211e-30	-295.61929
230000	3.4293932e-30	-294.64783
231000	2.7391483e-30	-295.62384
232000	2.2107266e-30	-296.55465
233000	2.1513341e-30	-296.67292
234000	1.3815435e-30	-298.59635
235000	9.5847274e-31	-300.1842
236000	3.9870225e-31	-303.99351
237000	1.9096843e-31	-307.19038
238000	1.713282e-31	-307.66171
239000	6.8703101e-32	-311.63024
240000	1.4495467e-31	-308.38768
241000	1.0783771e-30	-299.67229
242000	5.4761859e-31	-302.61522
243000	8.0196525e-31	-300.95844
244000	1.2511387e-30	-299.02695
245000	2.8292837e-30	-295.48324
246000	3.109201e-30	-295.07351
247000	5.3796845e-30	-292.69243
248000	2.1865318e-30	-296.60244
249000	8.0173535e-30	-290.95969
250000	1.0120433e-29	-289.94801
251000	9.9591984e-30	-290.01776
252000	1.7847557e-30	-297.48421
253000	3.3339637e-29	-284.77039
254000	1.4701905e-31	-308.32626
255000	5.1012395e-31	-302.92324
256000	4.4107204e-30	-293.5549
257000	8.4135514e-30	-290.75021
258000	7.090454e-30	-291.49326
259000	5.719865e-30	-292.42614
260000	7.5154341e-30	-291.24046
261000	7.3265648e-30	-291.351
262000	6.0752114e-30	-292.16439
263000	1.7849448e-30	-297.48375
264000	3.6298991e-30	-294.40105
265000	3.6307624e-30	-294.40002
266000	5.9519118e-30	-292.25344
267000	2.7314336e-30	-295.63609
268000	6.794085e-30	-291.67869
269000	6.3647379e-30	-291.96219
270000	1.1381152e-29	-289.43814
271000	3.8235411e-30	-294.17534
272000	8.8484122e-30	-290.53135
273000	1.0951118e-30	-299.60542
274000	1.1529166e-29	-289.38202
275000	1.5546114e-29	-288.08378
276000	1.1132591e-29	-289.53404
277000	1.7612827e-29	-287.54171
278000	1.5322315e-29	-288.14676
279000	2.1056517e-29	-286.76613
280000	1.8550656e-29	-287.31641
281000	2.1429272e-29	-286.68993
282000	2.1521388e-29	-286.6713
283000	2.7078998e-29	-285.67367
284000	2.3333084e-29	-286.32028
285000	3.3083705e-29	-284.80386
286000	3.5760823e-29	-284.46592
287000	4.3491645e-29	-283.61594
288000	5.2759556e-29	-282.77699
289000	5.5589358e-29	-282.55008
290000	7.7934104e-29	-281.08272
291000	9.0171694e-29	-280.4493
292000	1.1647511e-28	-279.33767
293000	1.4267628e-28	-278.45648
294000	1.9934812e-28	-277.00388
295000	2.4746203e-28	-276.06491
296000	4.1864902e-28	-273.7815
297000	7.0271688e-28	-271.5322
298000	1.7493799e-27	-267.57116
299000	6.8536449e-27	-261.64078
300000	0.25	-6.0205999
301000	7.2605378e-27	-261.39031
302000	1.9165668e-27	-267.17476
303000	7.9478465e-28	-270.99751
304000	4.2376159e-28	-273.72878
305000	2.4730701e-28	-276.06764
306000	1.9949764e-28	-277.00062
307000	1.2490701e-28	-279.03413
308000	1.0553227e-28	-279.76615
309000	7.2420089e-29	-281.40141
310000	1.0042962e-28	-279.98138
311000	7.299431e-29	-281.36711
312000	8.9729603e-29	-280.47064
313000	7.3716211e-29	-281.32437
314000	1.0063836e-28	-279.97236
315000	8.1446796e-29	-280.89126
316000	9.8069247e-29	-280.08467
317000	4.4677665e-29	-283.4991
318000	1.3636172e-28	-278.65308
319000	1.0661147e-28	-279.72196
320000	2.9151626e-28	-275.35337
321000	6.615212e-29	-281.79456
322000	7.0349144e-29	-281.52741
323000	2.6321948e-29	-285.79682
324000	2.7555004e-29	-285.598
325000	1.3022818e-29	-288.85295
326000	1.0270366e-29	-289.88414
327000	1.812743e-30	-297.41664
328000	3.3531599e-30	-294.74546
329000	4.3249512e-31	-303.64019
330000	3.2629664e-30	-294.86387
331000	3.907324e-30	-294.08121
332000	4.5651142e-30	-293.40548
333000	6.2689484e-30	-292.02805
334000	5.360054e-30	-292.70831
335000	5.9310055e-30	-292.26872
336000	6.0965751e-30	-292.14914
337000	5.4147311e-30	-292.66423
338000	4.6312559e-30	-293.34301
339000	7.1522633e-30	-291.45557
340000	4.8368806e-30	-293.15435
341000	6.6869072e-30	-291.74775
342000	3.7342394e-30	-294.27798
343000	4.0974316e-30	-293.87488
344000	2.4681775e-30	-296.07624
345000	6.0815703e-31	-302.15984
346000	8.1590357e-32	-310.88361
347000	2.8835728e-29	-285.40069
348000	1.0802143e-30	-299.6649
349000	1.0285027e-29	-289.87795
350000	1.1697649e-29	-289.31901
351000	7.086649e-30	-291.49559
352000	2.3874154e-30	-296.22072
353000	5.2777553e-30	-292.77551
354000	5.5610051e-30	-292.54847
355000	2.1227397e-30	-296.73103
356000	6.8514273e-31	-301.64219
357000	8.5724628e-31	-300.66894
358000	2.570604e-30	-295.89965
359000	1.1590914e-30	-299.35882
360000	3.475353e-31	-304.59001
361000	3.7964296e-32	-314.20625
362000	2.8071065e-30	-295.51741
363000	9.3791385e-32	-310.27837
364000	4.5195027e-32	-313.44909
365000	6.141976e-30	-292.11692
366000	1.1705297e-29	-289.31618
367000	1.6882561e-31	-307.72562
368000	2.1913246e-30	-296.59293
369000	1.952104e-30	-297.09497
370000	2.8609108e-30	-295.43496
371000	1.8025034e-30	-297.44124
372000	6.406745e-30	-291.93363
373000	5.0332895e-30	-292.98148
374000	5.6207611e-30	-292.50205
375000	7.7858034e-30	-291.08697
376000	8.8241083e-30	-290.54329
377000	1.3157207e-29	-288.80836
378000	1.3308723e-29	-288.75864
379000	1.3423629e-29	-288.7213
380000	1.4964224e-29	-288.24946
381000	1.5182668e-29	-288.18652
382000	1.5241918e-29	-288.1696
383000	1.6369076e-29	-287.85976
384000	1.2433328e-29	-289.05413
385000	1.5207132e-29	-288.17953
386000	1.0785877e-29	-289.67145
387000	1.4579949e-29	-288.36244
388000	1.1412642e-29	-289.42614
389000	1.1072542e-29	-289.55753
390000	8.8674298e-30	-290.52202
391000	1.0113256e-29	-289.95109
392000	1.1083408e-29	-289.55327
393000	1.6071962e-29	-287.93931
394000	3.3251587e-30	-294.78188
395000	2.6558526e-29	-285.75796
396000	2.8071536e-29	-285.51734
397000	1.9292777e-30	-297.14605
398000	1.8261617e-30	-297.38461
399000	2.7469621e-30	-295.61147
400000	3.2864854e-30	-294.83268
401000	4.5298177e-30	-293.43919
402000	1.8619201e-30	-297.30039
403000	1.1121666e-30	-299.5383
404000	1.0900998e-30	-299.62534
405000	2.3845982e-30	-296.22585
406000	1.1155484e-30	-299.52512
407000	8.1227441e-32	-310.90297
408000	4.8379818e-31	-303.15336
409000	4.9563057e-31	-303.04842
410000	1.3020782e-31	-308.85363
411000	6.6821255e-31	-301.75085
412000	7.7800413e-30	-291.09018
413000	2.7286899e-30	-295.64046
414000	9.9345166e-30	-290.02853
415000	8.5546539e-30	-290.67798
416000	1.2254007e-29	-289.11722
417000	3.4572931e-30	-294.61264
418000	4.4278245e-31	-303.5381
419000	4.622181e-30	-293.35153
420000	2.1432192e-30	-296.68933
421000	1.8907322e-30	-297.2337
422000	3.2477566e-31	-304.88417
423000	1.0137442e-30	-299.94072
424000	1.2091718e-30	-299.17512
425000	1.6207218e-30	-297.90292
426000	2.5991791e-32	-315.85164
427000	1.1251009e-30	-299.48809
428000	2.7132546e-31	-305.66509
429000	2.0161637e-30	-296.95474
430000	8.0481466e-31	-300.94304
431000	1.468666e-30	-298.33077
432000	9.8782032e-31	-300.05322
433000	2.6034533e-30	-295.8445
434000	5.6575768e-31	-302.4737
435000	2.5457631e-30	-295.94182
436000	1.7565477e-32	-317.5534
437000	1.2553638e-30	-299.0123
438000	4.5325421e-31	-303.43658
439000	4.5661869e-30	-293.40446
440000	3.591449e-31	-304.4473
441000	8.3795653e-30	-290.76779
442000	3.5944942e-29	-284.44362
443000	1.2643161e-29	-288.98144
444000	3.0789258e-30	-295.11601
445000	1.1494731e-30	-299.39501
446000	3.1220637e-30	-295.05558
447000	2.7485353e-30	-295.60899
448000	6.686405e-30	-291.74807
449000	2.8739564e-30	-295.4152
450000	4.0712485e-30	-293.90272
451000	2.330262e-30	-296.32595
452000	2.9999256e-30	-295.2289
453000	3.340799e-30	-294.7615
454000	3.2166543e-30	-294.92596
455000	1.5136266e-30	-298.19981
456000	1.1520055e-31	-309.38545
457000	2.9092725e-30	-295.36216
458000	1.7071499e-30	-297.67728
459000	1.3256125e-29	-288.77583
460000	2.0557622e-29	-286.87027
461000	8.8514774e-29	-280.52984
462000	3.6227724e-29	-284.40959
463000	3.9579341e-29	-284.02531
464000	1.5120407e-29	-288.20437
465000	5.262521e-30	-292.78806
466000	5.6822804e-31	-302.45477
467000	3.4436823e-30	-294.62977
468000	2.20653e-30	-296.5629
469000	3.0773246e-30	-295.11827
470000	1.5231436e-31	-308.17259
471000	2.9179173e-30	-295.34927
472000	5.5029338e-32	-312.59406
473000	2.3099388e-30	-296.364
474000	2.3909526e-31	-306.21429
475000	1.1010747e-30	-299.58183
476000	1.1486603e-31	-309.39808
477000	1.4922226e-30	-298.26166
478000	2.6896712e-31	-305.70301
479000	1.1233141e-30	-299.49499
480000	1.7104873e-31	-307.6688
481000	1.2060603e-30	-299.18631
482000	8.742605e-31	-300.58359
483000	5.4999496e-31	-302.59641
484000	1.4551059e-31	-308.37105
485000	3.7440746e-31	-304.26656
486000	5.0596915e-31	-302.95876
487000	8.9428495e-32	-310.48524
488000	7.518956e-31	-301.23842
489000	8.3144773e-30	-290.80165
490000	1.578329e-31	-308.01802
491000	4.1282861e-30	-293.8423
492000	6.8893528e-30	-291.61822
493000	4.3068673e-31	-303.65839
494000	4.4024284e-31	-303.56308
495000	3.4201847e-30	-294.6595
496000	1.4994152e-30	-298.24078
497000	1.4188869e-30	-298.48052
498000	4.926561e-33	-323.07456
499000	2.138118e-30	-296.69968
500000	1.1058756e-30	-299.56294
501000	2.138118e-30	-296.69968
502000	4.926561e-33	-323.07456
503000	1.4188869e-30	-298.48052
504000	1.4994152e-30	-298.24078
505000	3.4201847e-30	-294.6595
506000	4.4024284e-31	-303.56308
507000	4.3068673e-31	-303.65839
508000	6.948289e-30	-291.58122
509000	4.1282861e-30	-293.8423
510000	1.578329e-31	-308.01802
511000	8.3144773e-30	-290.80165
512000	7.518956e-31	-301.23842
513000	8.9428495e-32	-310.48524
514000	5.0596915e-31	-302.95876
515000	3.7440746e-31	-304.26656
516000	1.5236378e-31	-308.17118
517000	5.4999496e-31	-302.59641
518000	8.742605e-31	-300.58359
519000	1.2060603e-30	-299.18631
520000	1.7104873e-31	-307.6688
521000	1.1233141e-30	-299.49499
522000	2.6896712e-31	-305.70301
523000	1.4922226e-30	-298.26166
524000	1.1198572e-31	-309.50837
525000	1.1010747e-30	-299.58183
526000	2.3909526e-31	-306.21429
527000	2.3099388e-30	-296.364
528000	5.5029338e-32	-312.59406
529000	2.9179173e-30	-295.34927
530000	1.5231436e-31	-308.17259
531000	3.0773246e-30	-295.11827
532000	2.2011758e-30	-296.57345
533000	3.4436823e-30	-294.62977
534000	5.6822804e-31	-302.45477
535000	5.262521e-30	-292.78806
536000	1.5120407e-29	-288.20437
537000	3.9579341e-29	-284.02531
538000	3.6227724e-29	-284.40959
539000	8.8514774e-29	-280.52984
540000	2.0389809e-29	-286.90587
541000	1.3256125e-29	-288.77583
542000	1.7071499e-30	-297.67728
543000	2.9092725e-30	-295.36216
544000	1.1520055e-31	-309.38545
545000	1.5136266e-30	-298.19981
546000	3.2166543e-30	-294.92596
547000	3.340799e-30	-294.7615
548000	2.9958242e-30	-295.23484
549000	2.330262e-30	-296.32595
550000	4.0712485e-30	-293.90272
551000	2.8739564e-30	-295.4152
552000	6.686405e-30	-291.74807
553000	2.7485353e-30	-295.60899
554000	3.1220637e-30	-295.05558
555000	1.1494731e-30	-299.39501
556000	3.0616628e-30	-295.14043
557000	1.2643161e-29	-288.98144
558000	3.5944942e-29	-284.44362
559000	8.3795653e-30	-290.76779
560000	3.591449e-31	-304.4473
561000	4.5661869e-30	-293.40446
562000	4.5325421e-31	-303.43658
563000	1.2553638e-30	-299.0123
564000	1.693309e-32	-317.71264
565000	2.5457631e-30	-295.94182
566000	5.6575768e-31	-302.4737
567000	2.6034533e-30	-295.8445
568000	9.8782032e-31	-300.05322
569000	1.468666e-30	-298.33077
570000	8.0481466e-31	-300.94304
571000	2.0161637e-30	-296.95474
572000	2.8441379e-31	-305.46049
573000	1.1251009e-30	-299.48809
574000	2.5991791e-32	-315.85164
575000	1.6207218e-30	-297.90292
576000	1.2091718e-30	-299.17512
577000	1.0137442e-30	-299.94072
578000	3.2477566e-31	-304.88417
579000	1.8907322e-30	-297.2337
580000	2.1770145e-30	-296.62139
581000	4.622181e-30	-293.35153
582000	4.4278245e-31	-303.5381
583000	3.4572931e-30	-294.61264
584000	1.2254007e-29	-289.11722
585000	8.5546539e-30	-290.67798
586000	9.9345166e-30	-290.02853
587000	2.7286899e-30	-295.64046
588000	7.8180034e-30	-291.06904
589000	6.6821255e-31	-301.75085
590000	1.3020782e-31	-308.85363
591000	4.9563057e-31	-303.04842
592000	4.8379818e-31	-303.15336
593000	8.1227441e-32	-310.90297
594000	1.1155484e-30	-299.52512
595000	2.3845982e-30	-296.22585
596000	1.099851e-30	-299.58666
597000	1.1121666e-30	-299.5383
598000	1.8619201e-30	-297.30039
599000	4.5298177e-30	-293.43919
600000	3.2864854e-30	-294.83268
601000	2.7469621e-30	-295.61147
602000	1.8261617e-30	-297.38461
603000	1.9292777e-30	-297.14605
604000	2.8137056e-29	-285.50721
605000	2.6558526e-29	-285.75796
606000	3.3251587e-30	-294.78188
607000	1.6071962e-29	-287.93931
608000	1.1083408e-29	-289.55327
609000	1.0113256e-29	-289.95109
610000	8.8674298e-30	-290.52202
611000	1.1072542e-29	-289.55753
612000	1.148344e-29	-289.39928
613000	1.4579949e-29	-288.36244
614000	1.0785877e-29	-289.67145
615000	1.5207132e-29	-288.17953
616000	1.2433328e-29	-289.05413
617000	1.6369076e-29	-287.85976
618000	1.5241918e-29	-288.1696
619000	1.5182668e-29	-288.18652
620000	1.5099698e-29	-288.21032
621000	1.3423629e-29	-288.7213
622000	1.3308723e-29	-288.75864
623000	1.3157207e-29	-288.80836
624000	8.8241083e-30	-290.54329
625000	7.7858034e-30	-291.08697
626000	5.6207611e-30	-292.50205
627000	5.0332895e-30	-292.98148
628000	6.4789244e-30	-291.88497
629000	1.8025034e-30	-297.44124
630000	2.8609108e-30	-295.43496
631000	1.952104e-30	-297.09497
632000	2.1913246e-30	-296.59293
633000	1.6882561e-31	-307.72562
634000	1.1705297e-29	-289.31618
635000	6.141976e-30	-292.11692
636000	4.4381208e-32	-313.52801
637000	9.3791385e-32	-310.27837
638000	2.8071065e-30	-295.51741
639000	3.7964296e-32	-314.20625
640000	3.475353e-31	-304.59001
641000	1.1590914e-30	-299.35882
642000	2.570604e-30	-295.89965
643000	8.5724628e-31	-300.66894
644000	6.8633449e-31	-301.63464
645000	2.1227397e-30	-296.73103
646000	5.5610051e-30	-292.54847
647000	5.2777553e-30	-292.77551
648000	2.3874154e-30	-296.22072
649000	7.086649e-30	-291.49559
650000	1.1697649e-29	-289.31901
651000	1.0285027e-29	-289.87795
652000	1.0945787e-30	-299.60753
653000	2.8835728e-29	-285.40069
654000	8.1590357e-32	-310.88361
655000	6.0815703e-31	-302.15984
656000	2.4681775e-30	-296.07624
657000	4.0974316e-30	-293.87488
658000	3.7342394e-30	-294.27798
659000	6.6869072e-30	-291.74775
660000	4.6792963e-30	-293.29819
661000	7.1522633e-30	-291.45557
662000	4.6312559e-30	-293.34301
663000	5.4147311e-30	-292.66423
664000	6.0965751e-30	-292.14914
665000	5.9310055e-30	-292.26872
666000	5.360054e-30	-292.70831
667000	6.2689484e-30	-292.02805
668000	4.565916e-30	-293.40472
669000	3.907324e-30	-294.08121
670000	3.2629664e-30	-294.86387
671000	4.3249512e-31	-303.64019
672000	3.3531599e-30	-294.74546
673000	1.812743e-30	-297.41664
674000	1.0270366e-29	-289.88414
675000	1.3022818e-29	-288.85295
676000	2.7559873e-29	-285.59723
677000	2.6321948e-29	-285.79682
678000	7.0349144e-29	-281.52741
679000	6.615212e-29	-281.79456
680000	2.9151626e-28	-275.35337
681000	1.0661147e-28	-279.72196
682000	1.3636172e-28	-278.65308
683000	4.4677665e-29	-283.4991
684000	9.8030311e-29	-280.0864
685000	8.1446796e-29	-280.89126
686000	1.0063836e-28	-279.97236
687000	7.3716211e-29	-281.32437
688000	8.9729603e-29	-280.47064
689000	7.299431e-29	-281.36711
690000	1.0042962e-28	-279.98138
691000	7.2420089e-29	-281.40141
692000	1.0607605e-28	-279.74383
693000	1.2490701e-28	-279.03413
694000	1.9949764e-28	-277.00062
695000	2.4730701e-28	-276.06764
696000	4.2376159e-28	-273.72878
697000	7.9478465e-28	-270.99751
698000	1.9165668e-27	-267.17476
699000	7.2605378e-27	-261.39031
700000	0.25	-6.0205999
701000	6.8536449e-27	-261.64078
702000	1.7493799e-27	-267.57116
703000	7.0271688e-28	-271.5322
704000	4.1864902e-28	-273.7815
705000	2.4746203e-28	-276.06491
706000	1.9934812e-28	-277.00388
707000	1.4267628e-28	-278.45648
708000	1.1699348e-28	-279.31838
709000	9.0171694e-29	-280.4493
710000	7.7934104e-29	-281.08272
711000	5.5589358e-29	-282.55008
712000	5.2759556e-29	-282.77699
713000	4.3491645e-29	-283.61594
714000	3.5760823e-29	-284.46592
715000	3.3083705e-29	-284.80386
716000	2.3349106e-29	-286.3173
717000	2.7078998e-29	-285.67367
718000	2.1521388e-29	-286.6713
719000	2.1429272e-29	-286.68993
720000	1.8550656e-29	-287.31641
721000	2.1056517e-29	-286.76613
722000	1.5322315e-29	-288.14676
723000	1.7612827e-29	-287.54171
724000	1.1098007e-29	-289.54755
725000	1.5546114e-29	-288.08378
726000	1.1529166e-29	-289.38202
727000	1.0951118e-30	-299.60542
728000	8.8484122e-30	-290.53135
729000	3.8235411e-30	-294.17534
730000	1.1381152e-29	-289.43814
731000	6.3647379e-30	-291.96219
732000	6.85773e-30	-291.6382
733000	2.7314336e-30	-295.63609
734000	5.9519118e-30	-292.25344
735000	3.6307624e-30	-294.40002
736000	3.6298991e-30	-294.40105
737000	1.7849448e-30	-297.48375
738000	6.0752114e-30	-292.16439
739000	7.3265648e-30	-291.351
740000	7.7809804e-30	-291.08966
741000	5.719865e-30	-292.42614
742000	7.090454e-30	-291.49326
743000	8.4135514e-30	-290.75021
744000	4.4107204e-30	-293.5549
745000	5.1012395e-31	-302.92324
746000	1.4701905e-31	-308.32626
747000	3.3339637e-29	-284.77039
748000	1.7745159e-30	-297.5092
749000	9.9591984e-30	-290.01776
750000	1.0120433e-29	-289.94801
751000	8.0173535e-30	-290.95969
752000	2.1865318e-30	-296.60244
753000	5.3796845e-30	-292.69243
754000	3.109201e-30	-295.07351
755000	2.8292837e-30	-295.48324
756000	1.2550757e-30	-299.0133
757000	8.0196525e-31	-300.95844
758000	5.4761859e-31	-302.61522
759000	1.0783771e-30	-299.67229
760000	1.4495467e-31	-308.38768
761000	6.8703101e-32	-311.63024
762000	1.713282e-31	-307.66171
763000	1.9096843e-31	-307.19038
764000	4.0128755e-31	-303.96544
765000	9.5847274e-31	-300.1842
766000	1.3815435e-30	-298.59635
767000	2.1513341e-30	-296.67292
768000	2.2107266e-30	-296.55465
769000	2.7391483e-30	-295.62384
770000	3.4293932e-30	-294.64783
771000	2.7420211e-30	-295.61929
772000	3.7662067e-30	-294.24096
773000	9.909957e-30	-290.03928
774000	3.4778365e-30	-294.58691
775000	5.1235191e-30	-292.90432
776000	1.3744055e-29	-288.61885
777000	2.8753896e-29	-285.41303
778000	3.9320608e-30	-294.0538
779000	1.8504636e-29	-287.32719
780000	4.1414162e-30	-293.82851
781000	1.4057955e-30	-298.52078
782000	3.9316583e-31	-304.05424
783000	2.430294e-30	-296.14341
784000	6.266295e-31	-302.02989
785000	7.4568715e-31	-301.27443
786000	2.0047566e-30	-296.97938
787000	1.1058788e-30	-299.56292
788000	2.4453366e-30	-296.11661
789000	2.0344413e-30	-296.91555
790000	4.6551446e-30	-293.32067
791000	2.8547299e-30	-295.44435
792000	4.2554543e-30	-293.71054
793000	9.27554e-31	-300.32661
794000	1.039543e-29	-289.83158
795000	1.238869e-30	-299.06975
796000	1.057554e-29	-289.75697
797000	1.439833e-29	-288.41688
798000	3.7352322e-30	-294.27682
799000	1.9389087e-30	-297.12443
800000	2.8730027e-30	-295.41664
801000	1.8037208e-30	-297.43831
802000	6.0583891e-31	-302.17643
803000	7.267516e-32	-311.38614
804000	3.2832071e-32	-314.83702
805000	3.3461393e-31	-304.75456
806000	4.9045048e-31	-303.09405
807000	3.27255e-31	-304.85114
808000	1.6487548e-31	-307.82844
809000	9.4945706e-31	-300.22525
810000	5.9710298e-31	-302.23951
811000	4.8836188e-31	-303.11258
812000	1.0336633e-31	-309.85621
813000	5.0272188e-31	-302.98672
814000	1.0049598e-30	-299.97851
815000	3.3381837e-31	-304.7649
816000	1.4453482e-31	-308.40028
817000	5.6319135e-31	-302.49344
818000	1.9881427e-30	-297.01552
819000	3.4918646e-30	-294.56943
820000	1.3026482e-30	-298.85173
821000	1.8777815e-30	-297.26355
822000	2.7524291e-30	-295.60284
823000	3.4844935e-29	-284.5786
824000	3.510202e-29	-284.54668
825000	6.6466594e-30	-291.77397
826000	2.4793964e-30	-296.05654
827000	5.1705857e-30	-292.8646
828000	4.4560204e-30	-293.51053
829000	2.1707789e-30	-296.63384
830000	6.2806717e-31	-302.01994
831000	1.2942251e-30	-298.8799
832000	4.8209709e-31	-303.16865
833000	4.1451263e-31	-303.82462
834000	1.1863373e-31	-309.25792
835000	1.0323086e-30	-299.8619
836000	1.0555983e-31	-309.76501
837000	3.0515661e-31	-305.15477
838000	1.5314999e-30	-298.14883
839000	1.1077566e-30	-299.55556
840000	1.5907106e-32	-317.98409
841000	2.7650315e-30	-295.583
842000	3.2237933e-29	-284.91633
843000	3.1598062e-29	-285.0034
844000	2.4589491e-30	-296.0925
845000	3.5141202e-30	-294.54183
846000	2.1463556e-30	-296.68298
847000	1.8620916e-31	-307.29999
848000	2.0015234e-30	-296.98639
849000	1.1462639e-31	-309.40715
850000	1.1292096e-30	-299.47225
851000	4.6050931e-32	-313.36762
852000	7.2253494e-31	-301.41141
853000	4.3945281e-31	-303.57088
854000	1.0760425e-30	-299.68171
855000	1.077855e-31	-309.6744
856000	2.3340353e-31	-306.31893
857000	3.1418448e-31	-305.02815
858000	5.6394443e-32	-312.48764
859000	9.901699e-31	-300.0429
860000	1.843746e-31	-307.34299
861000	1.6780553e-30	-297.75194
862000	7.1344501e-31	-301.46639
863000	2.5817063e-30	-295.88093
864000	1.8254803e-30	-297.38623
865000	4.0523026e-30	-293.92298
866000	3.5980037e-30	-294.43938
867000	4.4012053e-30	-293.56428
868000	1.615967e-30	-297.91568
869000	4.4584953e-30	-293.50812
870000	1.5890108e-30	-297.98873
871000	9.5374859e-30	-290.20566
872000	2.6174364e-30	-295.82124
873000	6.5257568e-30	-291.85369
874000	3.1056006e-30	-295.07854
875000	4.0050393e-30	-293.97393
876000	3.2951442e-31	-304.82126
877000	2.2063416e-32	-316.56327
878000	3.1114696e-31	-305.07034
879000	3.6617332e-31	-304.36313
880000	7.1750666e-31	-301.44174
881000	2.659773e-31	-305.75155
882000	1.7308802e-30	-297.61733
883000	3.4003422e-31	-304.68477
884000	1.206472e-30	-299.18483
885000	5.102714e-31	-302.92199
886000	2.7786577e-30	-295.56165
887000	7.5997117e-31	-301.19203
888000	1.1973461e-30	-299.2178
889000	7.1419863e-30	-291.46181
890000	9.7101862e-31	-300.12772
891000	1.802378e-30	-297.44154
892000	2.1078075e-30	-296.76169
893000	8.3228268e-31	-300.79729
894000	3.1822582e-31	-304.97265
895000	4.3282387e-30	-293.63689
896000	1.5493499e-30	-298.0985
897000	4.9288275e-30	-293.07256
898000	1.2122213e-30	-299.16418
899000	4.5779243e-30	-293.39331
900000	2.3607511e-30	-296.2695
901000	4.6835992e-30	-293.2942
902000	1.3734098e-30	-298.622
903000	2.2838944e-30	-296.41324
904000	4.2775931e-31	-303.68801
905000	1.7861426e-30	-297.48084
906000	1.5411063e-31	-308.12167
907000	4.3975893e-31	-303.56785
908000	1.4791847e-30	-298.29978
909000	7.3881934e-31	-301.31462
910000	4.7534897e-30	-293.22987
911000	2.1390652e-30	-296.69776
912000	7.6518217e-30	-291.16235
913000	4.2218045e-30	-293.74502
914000	1.4309958e-29	-288.44362
915000	5.1624797e-30	-292.87142
916000	3.235294e-29	-284.90086
917000	9.7428999e-31	-300.11312
918000	1.2074976e-28	-279.18114
919000	2.242511e-28	-276.49265
920000	1.7173989e-28	-277.65129
921000	2.7006006e-29	-285.6854
922000	2.7251292e-29	-285.64613
923000	7.7045135e-30	-291.13255
924000	7.5101399e-30	-291.24352
925000	9.0381039e-30	-290.43923
926000	1.0123673e-29	-289.94662
927000	3.4753443e-30	-294.59002
928000	2.9957686e-30	-295.23492
929000	1.6468905e-30	-297.83335
930000	3.4535645e-30	-294.61732
931000	3.4250224e-31	-304.65337
932000	4.3837777e-30	-293.58151
933000	8.5780135e-31	-300.66613
934000	2.2764336e-31	-306.42745
935000	2.9120553e-30	-295.358
936000	1.7956088e-29	-287.45788
937000	3.5797115e-29	-284.46152
938000	2.9831804e-29	-285.2532
939000	8.8633789e-29	-280.52401
940000	2.4426851e-29	-286.12133
941000	1.7621471e-29	-287.53958
942000	1.0224306e-30	-299.90366
943000	2.741372e-30	-295.62032
944000	7.2356441e-31	-301.40523
945000	2.3945261e-30	-296.2078
946000	5.9604066e-31	-302.24724
947000	1.414745e-30	-298.49322
948000	5.5458015e-31	-302.56036
949000	3.3631617e-30	-294.73252
950000	2.6246495e-30	-295.80929
951000	2.212146e-30	-296.55186
952000	2.2697347e-30	-296.44025
953000	3.7801483e-30	-294.22491
954000	4.1586674e-30	-293.81046
955000	2.3562583e-30	-296.27777
956000	2.4205405e-30	-296.16088
957000	3.6308115e-30	-294.39996
958000	2.1592075e-30	-296.65706
959000	1.5332554e-30	-298.14386
960000	3.8347123e-31	-304.16267
961000	2.4320464e-30	-296.14028
962000	1.5097387e-30	-298.21098
963000	3.2092701e-31	-304.93594
964000	3.9110199e-31	-304.0771
965000	4.3319001e-30	-293.63322
966000	1.0606014e-29	-289.74448
967000	6.2335541e-31	-302.05264
968000	2.4303333e-30	-296.14334
969000	8.0601027e-30	-290.93659
970000	7.3312614e-31	-301.34821
971000	3.8305403e-31	-304.1674
972000	9.0091335e-31	-300.45317
973000	1.0818567e-30	-299.6583
974000	8.1305635e-31	-300.89879
975000	1.4963828e-31	-308.24957
976000	6.4508448e-31	-301.90383
977000	1.7270066e-30	-297.62706
978000	8.4173348e-31	-300.74825
979000	3.7584366e-30	-294.24993
980000	6.1532748e-30	-292.10894
981000	1.4263133e-29	-288.45785
982000	7.0293028e-30	-291.53088
983000	1.9265691e-29	-287.15215
984000	1.2775416e-29	-288.93625
985000	4.357712e-29	-283.60741
986000	5.7451879e-29	-282.40696
987000	2.595282e-29	-285.85815
988000	5.2626425e-29	-282.78796
989000	3.3881878e-29	-284.70033
990000	3.4019929e-29	-284.68267
991000	2.2661529e-29	-286.44711
992000	3.5128753e-29	-284.54337
993000	2.304476e-29	-286.37428
994000	2.0845357e-29	-286.80991
995000	1.2554029e-29	-289.01217
996000	1.0952218e-29	-289.60498
997000	7.4146335e-30	-291.2991
998000	2.6587127e-30	-295.75329
999000	1.115926e-30	-299.52365
